Trayectoria 1
Datos: [[ 3.11439403  3.13260991]
 [ 2.70590057  2.75300585]
 [ 2.2974071   2.37340179]
 [ 1.88891364  1.99379773]
 [ 1.48042018  1.61419367]
 [ 1.07192671  1.23458961]
 [ 0.66343325  0.85498556]
 [ 0.25493978  0.4753815 ]
 [-0.15355368  0.09577744]
 [-0.56204715 -0.28382662]]
Etiqueta: [1 0 0]

Trayectoria 2
Datos: [[ 3.0001642  -1.56235646]
 [ 3.31621546 -1.98517734]
 [ 3.63226673 -2.40799823]
 [ 3.94831799 -2.83081911]
 [ 4.26436925 -3.25363999]
 [ 4.58042051 -3.67646087]
 [ 4.89647178 -4.09928175]
 [ 5.21252304 -4.52210264]
 [ 5.5285743  -4.94492352]
 [ 5.84462557 -5.3677444 ]]
Etiqueta: [1 0 0]

Trayectoria 3
Datos: [[-2.24310529 -1.55285266]
 [-2.47505479 -1.2780954 ]
 [-2.70700429 -1.00333815]
 [-2.93895379 -0.7285809 ]
 [-3.17090328 -0.45382364]
 [-3.40285278 -0.17906639]
 [-3.63480228  0.09569087]
 [-3.86675178  0.37044812]
 [-4.09870128  0.64520537]
 [-4.33065078  0.91996263]]
Etiqueta: [1 0 0]

Trayectoria 4
Datos: [[0.68909803 4.57460461]
 [1.0969296  4.45078793]
 [1.50476117 4.32697124]
 [1.91259274 4.20315456]
 [2.32042431 4.07933788]
 [2.72825589 3.9555212 ]
 [3.13608746 3.83170451]
 [3.54391903 3.70788783]
 [3.9517506  3.58407115]
 [4.35958217 3.46025447]]
Etiqueta: [1 0 0]

Trayectoria 5
Datos: [[ 4.88226452  0.89481712]
 [ 4.48418243  0.47769518]
 [ 4.08610033  0.06057323]
 [ 3.68801823 -0.35654871]
 [ 3.28993614 -0.77367065]
 [ 2.89185404 -1.19079259]
 [ 2.49377195 -1.60791454]
 [ 2.09568985 -2.02503648]
 [ 1.69760776 -2.44215842]
 [ 1.29952566 -2.85928037]]
Etiqueta: [1 0 0]

Trayectoria 6
Datos: [[-3.7897355   1.02125383]
 [-3.47378127  0.79304382]
 [-3.15782703  0.5648338 ]
 [-2.8418728   0.33662379]
 [-2.52591856  0.10841378]
 [-2.20996433 -0.11979623]
 [-1.89401009 -0.34800624]
 [-1.57805586 -0.57621625]
 [-1.26210162 -0.80442626]
 [-0.94614738 -1.03263627]]
Etiqueta: [1 0 0]

Trayectoria 7
Datos: [[3.9178867  4.28034523]
 [4.16466098 3.90070877]
 [4.41143527 3.52107231]
 [4.65820955 3.14143585]
 [4.90498384 2.76179938]
 [5.15175812 2.38216292]
 [5.3985324  2.00252646]
 [5.64530669 1.62288999]
 [5.89208097 1.24325353]
 [6.13885526 0.86361707]]
Etiqueta: [1 0 0]

Trayectoria 8
Datos: [[ 2.19132798  3.06223188]
 [ 1.97345191  2.59928216]
 [ 1.75557584  2.13633243]
 [ 1.53769977  1.6733827 ]
 [ 1.3198237   1.21043297]
 [ 1.10194763  0.74748324]
 [ 0.88407156  0.28453351]
 [ 0.66619549 -0.17841622]
 [ 0.44831942 -0.64136595]
 [ 0.23044335 -1.10431568]]
Etiqueta: [1 0 0]

Trayectoria 9
Datos: [[-4.96320809e+00 -1.82682928e+00]
 [-5.41963790e+00 -1.52283499e+00]
 [-5.87606772e+00 -1.21884070e+00]
 [-6.33249754e+00 -9.14846409e-01]
 [-6.78892735e+00 -6.10852117e-01]
 [-7.24535717e+00 -3.06857825e-01]
 [-7.70178699e+00 -2.86353247e-03]
 [-8.15821680e+00  3.01130760e-01]
 [-8.61464662e+00  6.05125052e-01]
 [-9.07107643e+00  9.09119344e-01]]
Etiqueta: [1 0 0]

Trayectoria 10
Datos: [[-1.35304116 -1.82108017]
 [-1.70616702 -1.75037898]
 [-2.05929288 -1.67967779]
 [-2.41241874 -1.6089766 ]
 [-2.76554459 -1.5382754 ]
 [-3.11867045 -1.46757421]
 [-3.47179631 -1.39687302]
 [-3.82492217 -1.32617182]
 [-4.17804803 -1.25547063]
 [-4.53117389 -1.18476944]]
Etiqueta: [1 0 0]

Trayectoria 11
Datos: [[ 4.49886673 -1.7256131 ]
 [ 4.74271413 -1.96378249]
 [ 4.98656154 -2.20195188]
 [ 5.23040895 -2.44012128]
 [ 5.47425636 -2.67829067]
 [ 5.71810376 -2.91646006]
 [ 5.96195117 -3.15462946]
 [ 6.20579858 -3.39279885]
 [ 6.44964599 -3.63096824]
 [ 6.69349339 -3.86913764]]
Etiqueta: [1 0 0]

Trayectoria 12
Datos: [[-2.7866229   1.55543372]
 [-3.03799986  1.15120365]
 [-3.28937681  0.74697358]
 [-3.54075377  0.3427435 ]
 [-3.79213072 -0.06148657]
 [-4.04350768 -0.46571664]
 [-4.29488464 -0.86994671]
 [-4.54626159 -1.27417679]
 [-4.79763855 -1.67840686]
 [-5.04901551 -2.08263693]]
Etiqueta: [1 0 0]

Trayectoria 13
Datos: [[3.28689677 2.03116326]
 [3.34426297 2.45859188]
 [3.40162916 2.88602051]
 [3.45899536 3.31344914]
 [3.51636156 3.74087777]
 [3.57372776 4.16830639]
 [3.63109395 4.59573502]
 [3.68846015 5.02316365]
 [3.74582635 5.45059228]
 [3.80319255 5.8780209 ]]
Etiqueta: [1 0 0]

Trayectoria 14
Datos: [[-0.93180488 -1.40687721]
 [-1.35125762 -1.28377524]
 [-1.77071036 -1.16067327]
 [-2.19016309 -1.0375713 ]
 [-2.60961583 -0.91446933]
 [-3.02906857 -0.79136735]
 [-3.44852131 -0.66826538]
 [-3.86797405 -0.54516341]
 [-4.28742679 -0.42206144]
 [-4.70687953 -0.29895947]]
Etiqueta: [1 0 0]

Trayectoria 15
Datos: [[ 1.58468535 -0.3435796 ]
 [ 2.04423003 -0.13750825]
 [ 2.50377472  0.06856309]
 [ 2.96331941  0.27463443]
 [ 3.42286409  0.48070577]
 [ 3.88240878  0.68677711]
 [ 4.34195347  0.89284845]
 [ 4.80149815  1.09891979]
 [ 5.26104284  1.30499113]
 [ 5.72058753  1.51106247]]
Etiqueta: [1 0 0]

Trayectoria 16
Datos: [[-0.04428534 -1.93572323]
 [ 0.06781925 -1.51989129]
 [ 0.17992383 -1.10405935]
 [ 0.29202842 -0.68822741]
 [ 0.404133   -0.27239548]
 [ 0.51623759  0.14343646]
 [ 0.62834217  0.5592684 ]
 [ 0.74044676  0.97510034]
 [ 0.85255134  1.39093228]
 [ 0.96465593  1.80676422]]
Etiqueta: [1 0 0]

Trayectoria 17
Datos: [[3.65327948 0.35259048]
 [4.23324952 0.61518805]
 [4.81321956 0.87778563]
 [5.3931896  1.1403832 ]
 [5.97315964 1.40298078]
 [6.55312967 1.66557835]
 [7.13309971 1.92817593]
 [7.71306975 2.1907735 ]
 [8.29303979 2.45337108]
 [8.87300983 2.71596866]]
Etiqueta: [1 0 0]

Trayectoria 18
Datos: [[-2.44059766  2.6929479 ]
 [-2.27835568  3.02686964]
 [-2.11611369  3.36079138]
 [-1.95387171  3.69471311]
 [-1.79162973  4.02863485]
 [-1.62938775  4.36255659]
 [-1.46714576  4.69647833]
 [-1.30490378  5.03040007]
 [-1.1426618   5.36432181]
 [-0.98041982  5.69824355]]
Etiqueta: [1 0 0]

Trayectoria 19
Datos: [[-2.22332356  4.23731552]
 [-2.75788368  3.89502959]
 [-3.29244379  3.55274365]
 [-3.8270039   3.21045772]
 [-4.36156402  2.86817179]
 [-4.89612413  2.52588585]
 [-5.43068424  2.18359992]
 [-5.96524435  1.84131399]
 [-6.49980447  1.49902805]
 [-7.03436458  1.15674212]]
Etiqueta: [1 0 0]

Trayectoria 20
Datos: [[-1.89483825  3.57873582]
 [-1.46628815  3.72938234]
 [-1.03773805  3.88002885]
 [-0.60918796  4.03067536]
 [-0.18063786  4.18132187]
 [ 0.24791223  4.33196838]
 [ 0.67646233  4.48261489]
 [ 1.10501243  4.6332614 ]
 [ 1.53356252  4.78390792]
 [ 1.96211262  4.93455443]]
Etiqueta: [1 0 0]

Trayectoria 21
Datos: [[-3.93318511 -3.57699987]
 [-4.18569776 -4.16638378]
 [-4.43821041 -4.75576769]
 [-4.69072306 -5.34515159]
 [-4.94323571 -5.9345355 ]
 [-5.19574836 -6.5239194 ]
 [-5.44826102 -7.11330331]
 [-5.70077367 -7.70268721]
 [-5.95328632 -8.29207112]
 [-6.20579897 -8.88145502]]
Etiqueta: [1 0 0]

Trayectoria 22
Datos: [[ 1.20922292  1.6177611 ]
 [ 1.55167154  1.23149486]
 [ 1.89412015  0.84522862]
 [ 2.23656877  0.45896239]
 [ 2.57901739  0.07269615]
 [ 2.92146601 -0.31357009]
 [ 3.26391463 -0.69983632]
 [ 3.60636325 -1.08610256]
 [ 3.94881186 -1.4723688 ]
 [ 4.29126048 -1.85863503]]
Etiqueta: [1 0 0]

Trayectoria 23
Datos: [[ 3.42393541 -2.66448036]
 [ 3.64937756 -2.95598609]
 [ 3.87481971 -3.24749182]
 [ 4.10026185 -3.53899755]
 [ 4.325704   -3.83050328]
 [ 4.55114615 -4.12200902]
 [ 4.7765883  -4.41351475]
 [ 5.00203044 -4.70502048]
 [ 5.22747259 -4.99652621]
 [ 5.45291474 -5.28803194]]
Etiqueta: [1 0 0]

Trayectoria 24
Datos: [[-2.14605736 -0.88451604]
 [-2.58725556 -1.21465962]
 [-3.02845376 -1.5448032 ]
 [-3.46965195 -1.87494677]
 [-3.91085015 -2.20509035]
 [-4.35204835 -2.53523393]
 [-4.79324654 -2.86537751]
 [-5.23444474 -3.19552109]
 [-5.67564294 -3.52566467]
 [-6.11684113 -3.85580825]]
Etiqueta: [1 0 0]

Trayectoria 25
Datos: [[2.84149166 0.51087048]
 [3.32581304 0.90772579]
 [3.81013443 1.30458109]
 [4.29445581 1.7014364 ]
 [4.77877719 2.09829171]
 [5.26309857 2.49514701]
 [5.74741996 2.89200232]
 [6.23174134 3.28885762]
 [6.71606272 3.68571293]
 [7.2003841  4.08256824]]
Etiqueta: [1 0 0]

Trayectoria 26
Datos: [[ 3.97072655e+00  1.25276990e+00]
 [ 3.52918661e+00  1.21739246e+00]
 [ 3.08764667e+00  1.18201502e+00]
 [ 2.64610673e+00  1.14663758e+00]
 [ 2.20456679e+00  1.11126014e+00]
 [ 1.76302685e+00  1.07588269e+00]
 [ 1.32148691e+00  1.04050525e+00]
 [ 8.79946973e-01  1.00512781e+00]
 [ 4.38407033e-01  9.69750369e-01]
 [-3.13290716e-03  9.34372927e-01]]
Etiqueta: [1 0 0]

Trayectoria 27
Datos: [[-4.13657757 -0.53880502]
 [-3.67633589 -0.37518251]
 [-3.21609422 -0.21156001]
 [-2.75585255 -0.0479375 ]
 [-2.29561088  0.11568501]
 [-1.83536921  0.27930751]
 [-1.37512753  0.44293002]
 [-0.91488586  0.60655253]
 [-0.45464419  0.77017503]
 [ 0.00559748  0.93379754]]
Etiqueta: [1 0 0]

Trayectoria 28
Datos: [[-4.94598566 -2.73224404]
 [-4.60230152 -2.47599582]
 [-4.25861738 -2.2197476 ]
 [-3.91493323 -1.96349938]
 [-3.57124909 -1.70725115]
 [-3.22756495 -1.45100293]
 [-2.8838808  -1.19475471]
 [-2.54019666 -0.93850649]
 [-2.19651251 -0.68225826]
 [-1.85282837 -0.42601004]]
Etiqueta: [1 0 0]

Trayectoria 29
Datos: [[ 0.84064677  3.3542544 ]
 [ 0.44338269  3.27443767]
 [ 0.0461186   3.19462095]
 [-0.35114548  3.11480422]
 [-0.74840956  3.03498749]
 [-1.14567365  2.95517077]
 [-1.54293773  2.87535404]
 [-1.94020181  2.79553732]
 [-2.3374659   2.71572059]
 [-2.73472998  2.63590386]]
Etiqueta: [1 0 0]

Trayectoria 30
Datos: [[-0.73610907  4.16639143]
 [-1.11163841  4.05056392]
 [-1.48716776  3.93473641]
 [-1.86269711  3.8189089 ]
 [-2.23822646  3.70308139]
 [-2.6137558   3.58725388]
 [-2.98928515  3.47142637]
 [-3.3648145   3.35559887]
 [-3.74034384  3.23977136]
 [-4.11587319  3.12394385]]
Etiqueta: [1 0 0]

Trayectoria 31
Datos: [[ 4.08196924 -3.16329473]
 [ 4.48035135 -2.03549234]
 [ 4.09334545 -0.90373576]
 [ 3.08781636 -0.25600296]
 [ 1.89731672 -0.37157604]
 [ 1.03515268 -1.2006235 ]
 [ 0.87306235 -2.38568605]
 [ 1.48093402 -3.41580185]
 [ 2.59667246 -3.84681724]
 [ 3.73920621 -3.49289189]]
Etiqueta: [0 1 0]

Trayectoria 32
Datos: [[-1.8696984   0.1201515 ]
 [-0.73533949  0.600709  ]
 [-0.14358941  1.68123548]
 [-0.34959225  2.89584179]
 [-1.26452604  3.72082772]
 [-2.4939      3.80048521]
 [-3.50764659  3.10046842]
 [-3.86867004  1.92260268]
 [-3.42130835  0.77474678]
 [-2.35844987  0.15182023]]
Etiqueta: [0 1 0]

Trayectoria 33
Datos: [[ 4.64329444e+00  4.37451300e-01]
 [ 4.65990166e+00  2.14284987e+00]
 [ 3.61517991e+00  3.49089160e+00]
 [ 1.95958047e+00  3.90034315e+00]
 [ 4.06945953e-01  3.19466183e+00]
 [-3.73276280e-01  1.67811531e+00]
 [-4.46788482e-02  4.59094543e-03]
 [ 1.25105733e+00 -1.10433999e+00]
 [ 2.95525141e+00 -1.17054122e+00]
 [ 4.33310830e+00 -1.65468855e-01]]
Etiqueta: [0 1 0]

Trayectoria 34
Datos: [[-3.98034956 -3.36845829]
 [-3.06066246 -3.73506568]
 [-2.11186258 -3.45221568]
 [-1.54304269 -2.64186434]
 [-1.59946013 -1.65340978]
 [-2.25678944 -0.91304263]
 [-3.23161084 -0.73998601]
 [-4.10361187 -1.20885652]
 [-4.496813   -2.11749188]
 [-4.24167824 -3.07411698]]
Etiqueta: [0 1 0]

Trayectoria 35
Datos: [[-2.72821223  2.23282243]
 [-3.22866323  0.66794493]
 [-2.65063227 -0.86996696]
 [-1.24334819 -1.71781383]
 [ 0.3864122  -1.51003066]
 [ 1.53594729 -0.33620705]
 [ 1.70961356  1.29754104]
 [ 0.83253155  2.68679261]
 [-0.71712845  3.23254592]
 [-2.2712016   2.69948923]]
Etiqueta: [0 1 0]

Trayectoria 36
Datos: [[-3.05720822 -1.52423432]
 [-2.57406149 -3.43137501]
 [-1.01219728 -4.62770129]
 [ 0.95495749 -4.59739476]
 [ 2.47922732 -3.35352263]
 [ 2.90339481 -1.4324036 ]
 [ 2.04457223  0.33763599]
 [ 0.27305697  1.19341053]
 [-1.64732909  0.76593684]
 [-2.88857565 -0.7604718 ]]
Etiqueta: [0 1 0]

Trayectoria 37
Datos: [[-0.30988758 -5.02533828]
 [ 1.030158   -3.76900044]
 [ 1.30208542 -1.95236554]
 [ 0.38864811 -0.35870963]
 [-1.31630838  0.3248328 ]
 [-3.07766023 -0.19646034]
 [-4.13596771 -1.69782378]
 [-4.03492178 -3.53191664]
 [-2.81809029 -4.90793554]
 [-1.01013285 -5.23258424]]
Etiqueta: [0 1 0]

Trayectoria 38
Datos: [[-0.51289508 -0.48698701]
 [ 0.9346438   0.62063699]
 [ 1.38312826  2.3872896 ]
 [ 0.63918585  4.05124555]
 [-0.97641877  4.89505918]
 [-2.7670875   4.55490449]
 [-3.9607401   3.17744552]
 [-4.04271095  1.35659942]
 [-2.97765679 -0.12254201]
 [-1.22479561 -0.62221934]]
Etiqueta: [0 1 0]

Trayectoria 39
Datos: [[-4.50588722  2.54570261]
 [-4.55983861  0.96844945]
 [-3.62389054 -0.3022352 ]
 [-2.10159449 -0.71847194]
 [-0.64931683 -0.10079251]
 [ 0.10676582  1.28447905]
 [-0.1593457   2.84005706]
 [-1.33291243  3.89522501]
 [-2.90792917  3.99502754]
 [-4.20529805  3.09643292]]
Etiqueta: [0 1 0]

Trayectoria 40
Datos: [[2.50528064 3.79804595]
 [1.45344458 3.31624469]
 [0.92719815 2.28592618]
 [1.1534423  1.15133148]
 [2.03462767 0.40166228]
 [3.19081471 0.36015246]
 [4.12349181 1.04469974]
 [4.43051781 2.16014879]
 [3.97951273 3.22555292]
 [2.96493583 3.78154325]]
Etiqueta: [0 1 0]

Trayectoria 41
Datos: [[ 0.49751513  3.50927627]
 [-0.80354762  3.64750027]
 [-1.90985306  2.94896004]
 [-2.34439693  1.71484425]
 [-1.91981754  0.47726496]
 [-0.81918022 -0.23017242]
 [ 0.48295471 -0.10244304]
 [ 1.42514746  0.80538017]
 [ 1.60115403  2.10187231]
 [ 0.9350859   3.22802657]]
Etiqueta: [0 1 0]

Trayectoria 42
Datos: [[ 1.39969887 -0.49327158]
 [ 2.39805241  0.29052685]
 [ 2.69503697  1.52456492]
 [ 2.16260211  2.67676407]
 [ 1.03031705  3.25033214]
 [-0.21361236  2.99796453]
 [-1.03284273  2.02847426]
 [-1.07414759  0.75987516]
 [-0.31971758 -0.26085259]
 [ 0.90516071 -0.59360316]]
Etiqueta: [0 1 0]

Trayectoria 43
Datos: [[-3.36228188  2.17757277]
 [-3.69132344  1.5378528 ]
 [-3.55265176  0.83196319]
 [-3.00605773  0.36426141]
 [-2.28721557  0.33640583]
 [-1.7060675   0.76040689]
 [-1.51318636  1.45344862]
 [-1.79173645  2.11671315]
 [-2.4216157   2.46422158]
 [-3.13123992  2.34613917]]
Etiqueta: [0 1 0]

Trayectoria 44
Datos: [[-2.48063537 -1.51724034]
 [-2.96856    -2.39153267]
 [-2.80902858 -3.37996944]
 [-2.07082607 -4.05636769]
 [-1.07224226 -4.12908567]
 [-0.24383521 -3.56676967]
 [ 0.05721192 -2.61187274]
 [-0.29890296 -1.67611651]
 [-1.15863427 -1.16296976]
 [-2.15129281 -1.29368528]]
Etiqueta: [0 1 0]

Trayectoria 45
Datos: [[-1.43752642  0.94528239]
 [-2.58341828  1.17898943]
 [-3.6272272   0.6515901 ]
 [-4.11889549 -0.40951754]
 [-3.84643118 -1.54681711]
 [-2.92731234 -2.26994068]
 [-1.75783423 -2.26710001]
 [-0.84223916 -1.53951991]
 [-0.57530305 -0.40091013]
 [-1.07212037  0.65779647]]
Etiqueta: [0 1 0]

Trayectoria 46
Datos: [[-1.8927228   0.56757883]
 [-1.63503737  1.28175117]
 [-1.87585992  2.0017848 ]
 [-2.51135531  2.41722376]
 [-3.26751784  2.34894379]
 [-3.81831391  1.82638508]
 [-3.92625752  1.07485857]
 [-3.54480676  0.41839894]
 [-2.83843125  0.14005103]
 [-2.11169798  0.35982972]]
Etiqueta: [0 1 0]

Trayectoria 47
Datos: [[-2.67160785  1.36170027]
 [-2.31742982  0.27324305]
 [-1.36450723 -0.36088606]
 [-0.22371045 -0.26727046]
 [ 0.61308471  0.51372574]
 [ 0.78507837  1.64536145]
 [ 0.21811227  2.6397108 ]
 [-0.84335558  3.0680415 ]
 [-1.9416535   2.74567078]
 [-2.60322983  1.8115948 ]]
Etiqueta: [0 1 0]

Trayectoria 48
Datos: [[-0.39061606  5.34857283]
 [-2.17207448  5.1196296 ]
 [-3.42747966  3.8351192 ]
 [-3.61554021  2.04888228]
 [-2.65517032  0.53108823]
 [-0.96045139 -0.06383771]
 [ 0.73790687  0.52061789]
 [ 1.70762558  2.03245609]
 [ 1.53059242  3.81981962]
 [ 0.28313854  5.11205332]]
Etiqueta: [0 1 0]

Trayectoria 49
Datos: [[-0.33442531  1.5408645 ]
 [-0.25679007  0.29826761]
 [ 0.57481092 -0.62829272]
 [ 1.80181737 -0.83931271]
 [ 2.89518254 -0.24380715]
 [ 3.38348161  0.90146062]
 [ 3.05617534  2.10268702]
 [ 2.05438793  2.84194086]
 [ 0.81005872  2.80047904]
 [-0.14029651  1.99617861]]
Etiqueta: [0 1 0]

Trayectoria 50
Datos: [[-3.09484045  1.75492126]
 [-2.25124626  1.07464278]
 [-1.16758491  1.06424874]
 [-0.31109721  1.72822073]
 [-0.05107384  2.78027482]
 [-0.49962872  3.76679826]
 [-1.46335904  4.26243304]
 [-2.52673448  4.05347697]
 [-3.23126087  3.23002537]
 [-3.2731685   2.14712477]]
Etiqueta: [0 1 0]

Trayectoria 51
Datos: [[0.11714902 2.31649539]
 [0.64167932 1.26578063]
 [1.70481968 0.76691581]
 [2.8481773  1.03499582]
 [3.57877219 1.95443296]
 [3.58159472 3.12879473]
 [2.85542791 4.05173314]
 [1.71337213 4.32530605]
 [0.64784606 3.8315574 ]
 [0.11827115 2.78337614]]
Etiqueta: [0 1 0]

Trayectoria 52
Datos: [[-3.14104991  1.16858633]
 [-2.37096153  0.23917815]
 [-1.1904402  -0.01222803]
 [-0.10848973  0.52276624]
 [ 0.40838672  1.61348821]
 [ 0.13732823  2.78965273]
 [-0.80479327  3.54413451]
 [-2.01176451  3.55162464]
 [-2.96317731  2.80889362]
 [-3.24881227  1.63618378]]
Etiqueta: [0 1 0]

Trayectoria 53
Datos: [[-0.37579321  1.01334646]
 [-1.61855632  0.18838774]
 [-2.08173048 -1.22952859]
 [-1.56560953 -2.62904143]
 [-0.29272863 -3.40672469]
 [ 1.18808585 -3.22726571]
 [ 2.23835309 -2.16804158]
 [ 2.40523077 -0.68575656]
 [ 1.61676646  0.58047448]
 [ 0.21292127  1.0846924 ]]
Etiqueta: [0 1 0]

Trayectoria 54
Datos: [[ 1.92076367 -4.86289157]
 [ 3.12697337 -3.4920611 ]
 [ 3.22290544 -1.66862615]
 [ 2.16719699 -0.17879473]
 [ 0.41503642  0.33506452]
 [-1.27809952 -0.34860841]
 [-2.18218366 -1.93503516]
 [-1.90740325 -3.74019823]
 [-0.57223499 -4.98576786]
 [ 1.2476384  -5.13469344]]
Etiqueta: [0 1 0]

Trayectoria 55
Datos: [[-0.03972169  4.54982355]
 [-0.97364686  3.02643262]
 [-0.76137127  1.25220737]
 [ 0.5055785  -0.00786184]
 [ 2.28093339 -0.21047267]
 [ 3.799216    0.73173434]
 [ 4.40579044  2.41250904]
 [ 3.83912081  4.10715404]
 [ 2.3435373   5.08499151]
 [ 0.56388866  4.92440856]]
Etiqueta: [0 1 0]

Trayectoria 56
Datos: [[ 1.35104265 -2.15071183]
 [ 1.03541441 -0.41422713]
 [-0.28919877  0.75213484]
 [-2.05166518  0.84547533]
 [-3.49206453 -0.17445115]
 [-3.98934175 -1.86788426]
 [-3.32908647 -3.50466869]
 [-1.79598009 -4.37907428]
 [-0.05105005 -4.11408474]
 [ 1.15334449 -2.82395524]]
Etiqueta: [0 1 0]

Trayectoria 57
Datos: [[ 3.13897839 -0.05998322]
 [ 1.88877753 -0.36080639]
 [ 1.0946816  -1.37219574]
 [ 1.09907988 -2.65807187]
 [ 1.90007598 -3.66400528]
 [ 3.15230546 -3.956269  ]
 [ 4.31584622 -3.40884807]
 [ 4.88901592 -2.25777324]
 [ 4.62468176 -0.99935192]
 [ 3.63681633 -0.17617596]]
Etiqueta: [0 1 0]

Trayectoria 58
Datos: [[-0.17857331  4.06380437]
 [-2.11426394  4.29066356]
 [-3.77335611  3.26803144]
 [-4.44050126  1.43683494]
 [-3.82804731 -0.41337138]
 [-2.20006521 -1.48483653]
 [-0.25848983 -1.31557829]
 [ 1.15953234  0.02142447]
 [ 1.44259458  1.94969807]
 [ 0.46864931  3.63783133]]
Etiqueta: [0 1 0]

Trayectoria 59
Datos: [[-0.50136733  0.05681328]
 [ 0.2282341  -0.03896224]
 [ 0.85994827  0.33843464]
 [ 1.12139982  1.02628222]
 [ 0.89985903  1.72800216]
 [ 0.29084735  2.14103482]
 [-0.44304847  2.08729345]
 [-0.98539553  1.58994964]
 [-1.10235079  0.86344247]
 [-0.74348679  0.22101906]]
Etiqueta: [0 1 0]

Trayectoria 60
Datos: [[-2.32382391  3.91601663]
 [-2.76432253  2.65376341]
 [-2.32696231  1.39041934]
 [-1.20031927  0.67069879]
 [ 0.12983341  0.80492272]
 [ 1.08997556  1.73521797]
 [ 1.26612398  3.06047038]
 [ 0.58232897  4.20927263]
 [-0.66657847  4.68629718]
 [-1.94210858  4.28586598]]
Etiqueta: [0 1 0]

Trayectoria 61
Datos: [[-0.54115148  5.01414095]
 [-1.69881886  5.25812737]
 [-0.42572907  5.49272028]
 [-1.62676178  4.07117613]
 [-3.17487113  1.97582869]
 [-4.2671451   3.52692021]
 [-3.92081963  2.47104386]
 [-4.16133565  2.65263278]
 [-5.39812166  2.31340327]
 [-4.63226161  1.12226012]]
Etiqueta: [0 0 1]

Trayectoria 62
Datos: [[1.29376813 6.17585136]
 [3.83950142 3.92098943]
 [0.92793425 4.19295724]
 [1.00758187 3.51408469]
 [1.35760055 5.68286033]
 [1.09333992 6.21438932]
 [0.69664841 5.86027551]
 [0.52258299 4.4081912 ]
 [2.56178549 4.34587116]
 [1.63354109 3.96276881]]
Etiqueta: [0 0 1]

Trayectoria 63
Datos: [[ 1.59913443 -0.62665272]
 [ 0.436649   -1.63462635]
 [ 1.70249571 -0.500188  ]
 [ 1.66861828 -1.68934683]
 [ 1.91406742 -3.42392225]
 [ 2.9114677  -7.08009632]
 [ 4.22040624 -9.44460891]
 [ 4.39061405 -9.82971078]
 [ 4.6908752  -9.25527917]
 [ 3.66837456 -6.84324302]]
Etiqueta: [0 0 1]

Trayectoria 64
Datos: [[-6.01109879  2.07023512]
 [-7.13791822  3.74418435]
 [-8.32993027  2.50262056]
 [-8.41757674  3.52751502]
 [-6.403661    5.3657023 ]
 [-5.0137672   5.93599245]
 [-3.96707601  4.57568752]
 [-1.65184402  5.51080376]
 [-2.55679755  6.77014658]
 [-2.78425449  7.89076567]]
Etiqueta: [0 0 1]

Trayectoria 65
Datos: [[ 3.11171268  5.36442798]
 [ 4.02802248  3.37858044]
 [ 1.14861577  3.00707258]
 [ 1.43237144  2.44813293]
 [ 0.50190546  1.8365505 ]
 [-0.80115727  2.71280107]
 [-0.80697744  2.71812857]
 [-1.40265114  1.34281643]
 [-3.05784906  0.86860349]
 [-2.72113771  1.45897348]]
Etiqueta: [0 0 1]

Trayectoria 66
Datos: [[ 3.40523253  5.16949044]
 [ 2.35504841  5.17848955]
 [ 3.08899981  6.59579827]
 [ 2.69346986  6.60038875]
 [ 0.90740837  6.25882245]
 [ 0.22659307  6.92636051]
 [-0.66136035  6.68518759]
 [-1.06391627  8.91302759]
 [ 0.87527979  6.17516384]
 [ 2.25611913  6.56128615]]
Etiqueta: [0 0 1]

Trayectoria 67
Datos: [[2.0910552  2.68378628]
 [1.68740158 2.70294866]
 [3.21647068 5.46895466]
 [4.05112135 5.27319204]
 [4.4219559  4.55326217]
 [4.4619824  5.55974678]
 [4.93134213 6.0240459 ]
 [4.40605835 4.65247561]
 [3.70383658 5.49474417]
 [3.52764276 6.20934449]]
Etiqueta: [0 0 1]

Trayectoria 68
Datos: [[ 4.63595659  5.31082821]
 [ 6.80759936  5.59685453]
 [ 7.8630574   4.32087074]
 [ 7.77142462  2.96079218]
 [ 9.7008999   5.89732932]
 [11.55057053  3.63936628]
 [12.26490711  1.29931635]
 [13.58297243  2.91616102]
 [13.72000275  3.08152919]
 [13.37440271  1.57899587]]
Etiqueta: [0 0 1]

Trayectoria 69
Datos: [[ 2.59748475 -2.25868695]
 [ 3.19998844 -1.90897112]
 [ 3.23206318 -0.97074516]
 [ 3.9987382   1.08304964]
 [ 5.26132127  1.37867779]
 [ 5.43456117  1.36883725]
 [ 3.41889381  1.58982172]
 [ 2.81946578  0.96446747]
 [ 4.38057067  0.31148321]
 [ 5.12945308  1.71028598]]
Etiqueta: [0 0 1]

Trayectoria 70
Datos: [[-1.24682173  5.39300097]
 [-1.40771876  4.76739446]
 [ 1.15540679  3.26090808]
 [ 1.64872317  3.88750253]
 [ 2.48017715  2.70940908]
 [ 4.96019821  0.9333582 ]
 [ 2.97675897  0.63039513]
 [ 4.17488605 -0.6166473 ]
 [ 6.15922064 -1.57210475]
 [ 7.6338594  -1.87426653]]
Etiqueta: [0 0 1]

Trayectoria 71
Datos: [[-2.61651738  2.84015391]
 [-3.61562263  2.86868269]
 [-2.36840251  3.10318588]
 [-0.70736112  2.99305373]
 [ 0.9360172   3.74634547]
 [ 0.58972521  2.92534599]
 [ 0.40779557  1.7336738 ]
 [ 0.79019179  1.19773264]
 [-0.61951788  0.44508137]
 [-0.4446886   0.6547708 ]]
Etiqueta: [0 0 1]

Trayectoria 72
Datos: [[ 1.63988916  2.1725193 ]
 [-0.12324026  1.15564728]
 [ 1.327487    1.90644609]
 [ 0.40302712  2.71408971]
 [ 0.82967289  1.91550448]
 [ 1.84372189 -0.57477112]
 [ 1.56323259 -1.01749912]
 [ 2.51088501 -0.93435878]
 [ 3.25914547  0.17899317]
 [ 5.28253047  0.86550384]]
Etiqueta: [0 0 1]

Trayectoria 73
Datos: [[-5.45422882 -1.80179191]
 [-7.0129681  -1.49732698]
 [-5.96998118 -5.88592012]
 [-5.79527247 -7.18658538]
 [-7.89608627 -8.41033516]
 [-7.08039105 -6.51338496]
 [-7.24770901 -6.1614287 ]
 [-8.06686958 -6.30409231]
 [-7.18289785 -6.04147741]
 [-7.79874426 -5.31550985]]
Etiqueta: [0 0 1]

Trayectoria 74
Datos: [[-4.93084662  2.23480914]
 [-5.35214831  2.37554813]
 [-6.23494834  3.6346388 ]
 [-5.73095718  5.2043269 ]
 [-4.65346798  5.7567505 ]
 [-3.19635723  6.46312345]
 [-3.352577    7.41444043]
 [-4.33842534  7.844248  ]
 [-4.94864127  8.73500499]
 [-3.31375821  7.96928071]]
Etiqueta: [0 0 1]

Trayectoria 75
Datos: [[4.9163848  3.05142452]
 [4.49591631 4.79665411]
 [6.71214358 5.67651075]
 [6.17975511 5.56831121]
 [7.64530666 5.00111682]
 [5.57472894 4.50886231]
 [4.62186458 2.77374579]
 [5.5436646  6.07458659]
 [5.92960658 4.45563255]
 [7.19854109 3.15105559]]
Etiqueta: [0 0 1]

Trayectoria 76
Datos: [[-2.33892982  2.34323831]
 [-0.60308168  3.11860266]
 [ 1.08978338  1.89520842]
 [ 2.808127    1.53912163]
 [ 1.6493409   0.9115248 ]
 [ 1.0399138  -2.02675417]
 [-1.04897742 -1.44651175]
 [-0.43606576  0.82604412]
 [-0.6508169   1.68254268]
 [-0.81130759  1.55515321]]
Etiqueta: [0 0 1]

Trayectoria 77
Datos: [[-4.7313092  -5.49914798]
 [-4.0944044  -4.08929794]
 [-2.18061766 -3.81601029]
 [-3.13662255 -4.79071142]
 [-4.16206909 -5.4557602 ]
 [-2.73874452 -6.11021608]
 [-3.05141325 -7.26376042]
 [-2.07042491 -6.79980765]
 [-1.26523715 -4.52375893]
 [-3.27648578 -6.40254531]]
Etiqueta: [0 0 1]

Trayectoria 78
Datos: [[-2.34316331 -2.57932036]
 [-0.80692451 -3.20466705]
 [-1.73545124 -5.35923145]
 [-0.6758228  -4.90214057]
 [ 1.08600277 -5.96807411]
 [ 3.15113401 -6.4066211 ]
 [ 4.33383814 -5.87962343]
 [ 3.47743373 -6.49037125]
 [ 5.50548766 -6.78691946]
 [ 5.07198821 -7.28929288]]
Etiqueta: [0 0 1]

Trayectoria 79
Datos: [[ 3.82051108 -5.86296841]
 [ 4.66236757 -5.70199059]
 [ 4.94848853 -7.71240237]
 [ 4.30371628 -7.16568107]
 [ 3.90836388 -6.43968337]
 [ 1.92674643 -5.74293697]
 [ 1.93239255 -6.26187422]
 [-0.1389207  -6.20156021]
 [-0.9415049  -4.34920587]
 [-0.91755081 -5.04864286]]
Etiqueta: [0 0 1]

Trayectoria 80
Datos: [[-2.15339815 -2.94909201]
 [-2.42722372 -2.54100229]
 [-3.84116108 -2.15624316]
 [-4.53928951 -3.14722298]
 [-5.08624427 -4.24927678]
 [-4.02973699 -4.72529357]
 [-4.49149863 -3.91001536]
 [-3.71086088 -5.87685231]
 [-4.10688642 -5.47251745]
 [-5.73559152 -5.68541924]]
Etiqueta: [0 0 1]

Trayectoria 81
Datos: [[-3.86659479  2.45606341]
 [-4.22236349  2.95204616]
 [-5.37767208  2.29924363]
 [-5.54118469  2.79414559]
 [-6.22436234  2.7424599 ]
 [-6.01470988  1.69093394]
 [-8.26864492  1.04216524]
 [-9.14828502  0.63661556]
 [-9.20551354  0.13245976]
 [-7.82712306  1.18173297]]
Etiqueta: [0 0 1]

Trayectoria 82
Datos: [[ -6.49641523  -5.42201494]
 [ -6.71031635  -6.56375789]
 [ -7.17541056  -7.60600625]
 [ -9.39710384  -7.36969304]
 [-11.47982131  -7.41937007]
 [-10.72903127  -9.33270449]
 [-11.40503195  -8.9337576 ]
 [-12.35346526  -7.72295665]
 [-11.65280942  -6.31838204]
 [-12.49720713  -7.07295311]]
Etiqueta: [0 0 1]

Trayectoria 83
Datos: [[-1.19667253  1.64787393]
 [-0.7844091   0.26932443]
 [-1.30890612 -0.50735878]
 [-2.05226401  0.88577775]
 [-2.66540159  1.65898444]
 [-3.68369093  0.33610991]
 [-5.46879564  0.59842598]
 [-5.65086279 -0.47529358]
 [-4.39520973 -2.49655747]
 [-3.46658647 -2.58563889]]
Etiqueta: [0 0 1]

Trayectoria 84
Datos: [[ 1.94931649  3.70842191]
 [ 0.59537474  1.78921885]
 [ 2.62074306  1.36355873]
 [ 2.25592716 -0.20505366]
 [ 3.32460849 -0.64470629]
 [ 2.2200737  -2.09002558]
 [ 2.45890128 -1.76517961]
 [ 3.85104268 -0.59706944]
 [ 3.6828363  -0.59597701]
 [ 2.39126772  0.2192454 ]]
Etiqueta: [0 0 1]

Trayectoria 85
Datos: [[-4.24299597  5.39454289]
 [-3.08560463  5.46111041]
 [-3.11584379  4.88041313]
 [-1.22994794  4.57326589]
 [-0.19997211  4.90138924]
 [-0.68673894  6.74223657]
 [-1.56375488  6.38942309]
 [-3.19189102  6.09237187]
 [-1.91408233  7.03600345]
 [-2.45517376  6.54233079]]
Etiqueta: [0 0 1]

Trayectoria 86
Datos: [[ -6.15779034  -5.26585922]
 [ -5.84145036  -4.2628516 ]
 [ -6.08705993  -4.79475611]
 [ -5.20789056  -5.57921151]
 [ -4.35196202  -5.41250472]
 [ -2.57614728  -8.22604829]
 [ -4.60515594  -7.73794487]
 [ -4.67487296  -8.58117252]
 [ -5.10436804  -9.30836345]
 [ -4.09077589 -11.03547503]]
Etiqueta: [0 0 1]

Trayectoria 87
Datos: [[ 0.07712206  5.52279216]
 [ 0.2983991   5.96388386]
 [ 1.93386091  7.21058662]
 [ 1.95587042  6.9691794 ]
 [ 2.5354197   6.04838215]
 [ 2.88653593  4.42703655]
 [ 1.48362916  5.54763136]
 [ 0.22148197  6.60956331]
 [-0.12000874  7.56130354]
 [ 0.16481684  8.6687511 ]]
Etiqueta: [0 0 1]

Trayectoria 88
Datos: [[ 1.03367737 -3.45726764]
 [ 2.12145295 -3.68891225]
 [ 1.9289983  -0.92032085]
 [ 0.98004811 -3.07757115]
 [ 2.46016744 -5.59543073]
 [ 2.8031377  -5.56778529]
 [ 2.71266121 -3.32692618]
 [ 3.16759044 -4.42797123]
 [ 2.21427746 -4.25892439]
 [ 3.71766759 -5.42106098]]
Etiqueta: [0 0 1]

Trayectoria 89
Datos: [[ -5.84593599  -3.36463769]
 [ -4.59705663  -5.66973333]
 [ -3.45770977  -7.12803769]
 [ -3.1420376   -8.97635913]
 [ -3.71002237  -9.3083787 ]
 [ -6.94106377  -7.33220387]
 [ -6.99202978  -8.72367942]
 [ -8.00785823  -8.61968596]
 [ -8.09948587  -9.27975307]
 [-10.1750333  -10.58302395]]
Etiqueta: [0 0 1]

Trayectoria 90
Datos: [[ 2.62787082 -4.3867374 ]
 [ 1.06286114 -5.23933277]
 [ 0.83396007 -3.83512091]
 [ 0.85772546 -6.44806842]
 [ 1.9250881  -5.18545264]
 [ 0.83367118 -4.22554367]
 [ 1.21135044 -5.61682949]
 [ 2.24477192 -6.68633963]
 [-0.04674537 -9.09039287]
 [-0.70812521 -9.68876582]]
Etiqueta: [0 0 1]

