Trayectoria 1
Datos: [[-3.22161688 -0.83360213]
 [-3.38136396 -1.3130215 ]
 [-3.54111103 -1.79244086]
 [-3.70085811 -2.27186022]
 [-3.86060518 -2.75127958]
 [-4.02035226 -3.23069895]
 [-4.18009933 -3.71011831]
 [-4.33984641 -4.18953767]
 [-4.49959348 -4.66895703]
 [-4.65934056 -5.1483764 ]]
Etiqueta: [1 0 0]

Trayectoria 2
Datos: [[-1.14619455  0.43536524]
 [-0.79751177  0.53902187]
 [-0.44882899  0.64267849]
 [-0.10014621  0.74633512]
 [ 0.24853658  0.84999175]
 [ 0.59721936  0.95364838]
 [ 0.94590214  1.057305  ]
 [ 1.29458492  1.16096163]
 [ 1.6432677   1.26461826]
 [ 1.99195048  1.36827489]]
Etiqueta: [1 0 0]

Trayectoria 3
Datos: [[ 2.85322729  1.13617564]
 [ 2.25579859  1.32916485]
 [ 1.65836988  1.52215407]
 [ 1.06094118  1.71514328]
 [ 0.46351247  1.9081325 ]
 [-0.13391623  2.10112171]
 [-0.73134494  2.29411093]
 [-1.32877364  2.48710014]
 [-1.92620235  2.68008935]
 [-2.52363105  2.87307857]]
Etiqueta: [1 0 0]

Trayectoria 4
Datos: [[ 1.50901973 -2.52452281]
 [ 1.25065051 -2.28901719]
 [ 0.99228129 -2.05351158]
 [ 0.73391206 -1.81800597]
 [ 0.47554284 -1.58250036]
 [ 0.21717362 -1.34699475]
 [-0.0411956  -1.11148914]
 [-0.29956483 -0.87598353]
 [-0.55793405 -0.64047792]
 [-0.81630327 -0.4049723 ]]
Etiqueta: [1 0 0]

Trayectoria 5
Datos: [[-2.8395834  -4.73468054]
 [-2.35377448 -4.90503784]
 [-1.86796556 -5.07539514]
 [-1.38215664 -5.24575245]
 [-0.89634772 -5.41610975]
 [-0.4105388  -5.58646705]
 [ 0.07527012 -5.75682435]
 [ 0.56107904 -5.92718165]
 [ 1.04688795 -6.09753896]
 [ 1.53269687 -6.26789626]]
Etiqueta: [1 0 0]

Trayectoria 6
Datos: [[ 4.94760734 -3.25109082]
 [ 5.1126266  -3.67076554]
 [ 5.27764586 -4.09044027]
 [ 5.44266513 -4.51011499]
 [ 5.60768439 -4.92978972]
 [ 5.77270365 -5.34946444]
 [ 5.93772291 -5.76913917]
 [ 6.10274218 -6.18881389]
 [ 6.26776144 -6.60848862]
 [ 6.4327807  -7.02816334]]
Etiqueta: [1 0 0]

Trayectoria 7
Datos: [[4.92637476 4.43953427]
 [5.3579645  4.53167191]
 [5.78955424 4.62380956]
 [6.22114397 4.7159472 ]
 [6.65273371 4.80808484]
 [7.08432345 4.90022249]
 [7.51591318 4.99236013]
 [7.94750292 5.08449777]
 [8.37909266 5.17663542]
 [8.81068239 5.26877306]]
Etiqueta: [1 0 0]

Trayectoria 8
Datos: [[4.56580824 1.88618987]
 [4.36150994 2.30697531]
 [4.15721164 2.72776075]
 [3.95291335 3.1485462 ]
 [3.74861505 3.56933164]
 [3.54431675 3.99011708]
 [3.34001845 4.41090253]
 [3.13572016 4.83168797]
 [2.93142186 5.25247341]
 [2.72712356 5.67325886]]
Etiqueta: [1 0 0]

Trayectoria 9
Datos: [[ 0.69279831  2.44485891]
 [ 0.61268925  2.7963936 ]
 [ 0.53258019  3.14792829]
 [ 0.45247113  3.49946297]
 [ 0.37236207  3.85099766]
 [ 0.29225301  4.20253235]
 [ 0.21214395  4.55406703]
 [ 0.1320349   4.90560172]
 [ 0.05192584  5.25713641]
 [-0.02818322  5.6086711 ]]
Etiqueta: [1 0 0]

Trayectoria 10
Datos: [[-1.19036795 -4.15703355]
 [-0.79218139 -3.82981923]
 [-0.39399483 -3.5026049 ]
 [ 0.00419173 -3.17539057]
 [ 0.40237829 -2.84817625]
 [ 0.80056485 -2.52096192]
 [ 1.19875141 -2.19374759]
 [ 1.59693797 -1.86653327]
 [ 1.99512452 -1.53931894]
 [ 2.39331108 -1.21210462]]
Etiqueta: [1 0 0]

Trayectoria 11
Datos: [[2.91662942 1.14891449]
 [2.84990545 1.48622317]
 [2.78318148 1.82353185]
 [2.71645751 2.16084054]
 [2.64973354 2.49814922]
 [2.58300957 2.83545791]
 [2.5162856  3.17276659]
 [2.44956163 3.51007527]
 [2.38283766 3.84738396]
 [2.31611369 4.18469264]]
Etiqueta: [1 0 0]

Trayectoria 12
Datos: [[-3.72426058  4.61292556]
 [-4.03765655  4.97952828]
 [-4.35105253  5.34613101]
 [-4.6644485   5.71273374]
 [-4.97784447  6.07933647]
 [-5.29124045  6.44593919]
 [-5.60463642  6.81254192]
 [-5.9180324   7.17914465]
 [-6.23142837  7.54574738]
 [-6.54482434  7.9123501 ]]
Etiqueta: [1 0 0]

Trayectoria 13
Datos: [[-1.28815485 -1.21360805]
 [-0.89306983 -1.12547758]
 [-0.49798482 -1.0373471 ]
 [-0.1028998  -0.94921663]
 [ 0.29218522 -0.86108615]
 [ 0.68727023 -0.77295567]
 [ 1.08235525 -0.6848252 ]
 [ 1.47744027 -0.59669472]
 [ 1.87252528 -0.50856425]
 [ 2.2676103  -0.42043377]]
Etiqueta: [1 0 0]

Trayectoria 14
Datos: [[-4.73663244 -4.23458084]
 [-4.08865535 -4.31600095]
 [-3.44067826 -4.39742105]
 [-2.79270117 -4.47884116]
 [-2.14472407 -4.56026127]
 [-1.49674698 -4.64168138]
 [-0.84876989 -4.72310149]
 [-0.2007928  -4.80452159]
 [ 0.44718429 -4.8859417 ]
 [ 1.09516138 -4.96736181]]
Etiqueta: [1 0 0]

Trayectoria 15
Datos: [[ 1.59468433 -2.29163497]
 [ 2.05836502 -2.15475055]
 [ 2.52204571 -2.01786613]
 [ 2.9857264  -1.88098171]
 [ 3.44940708 -1.74409729]
 [ 3.91308777 -1.60721287]
 [ 4.37676846 -1.47032845]
 [ 4.84044915 -1.33344403]
 [ 5.30412984 -1.19655961]
 [ 5.76781053 -1.05967519]]
Etiqueta: [1 0 0]

Trayectoria 16
Datos: [[-2.0063497  -1.58769246]
 [-1.61880078 -2.00715599]
 [-1.23125187 -2.42661953]
 [-0.84370296 -2.84608306]
 [-0.45615405 -3.2655466 ]
 [-0.06860514 -3.68501013]
 [ 0.31894377 -4.10447367]
 [ 0.70649268 -4.5239372 ]
 [ 1.0940416  -4.94340074]
 [ 1.48159051 -5.36286427]]
Etiqueta: [1 0 0]

Trayectoria 17
Datos: [[ 4.59572639 -3.9645971 ]
 [ 4.19587247 -4.22794458]
 [ 3.79601855 -4.49129206]
 [ 3.39616463 -4.75463953]
 [ 2.99631071 -5.01798701]
 [ 2.59645679 -5.28133449]
 [ 2.19660287 -5.54468197]
 [ 1.79674895 -5.80802945]
 [ 1.39689503 -6.07137692]
 [ 0.99704111 -6.3347244 ]]
Etiqueta: [1 0 0]

Trayectoria 18
Datos: [[4.76459559 0.76732425]
 [4.95924871 1.26905563]
 [5.15390183 1.77078702]
 [5.34855495 2.2725184 ]
 [5.54320807 2.77424979]
 [5.73786118 3.27598117]
 [5.9325143  3.77771256]
 [6.12716742 4.27944395]
 [6.32182054 4.78117533]
 [6.51647366 5.28290672]]
Etiqueta: [1 0 0]

Trayectoria 19
Datos: [[-4.32096627  4.8607481 ]
 [-4.00467589  4.75267981]
 [-3.68838551  4.64461153]
 [-3.37209512  4.53654324]
 [-3.05580474  4.42847495]
 [-2.73951436  4.32040666]
 [-2.42322398  4.21233838]
 [-2.1069336   4.10427009]
 [-1.79064322  3.9962018 ]
 [-1.47435284  3.88813352]]
Etiqueta: [1 0 0]

Trayectoria 20
Datos: [[ 1.42751474 -1.82063001]
 [ 1.37486932 -2.18370951]
 [ 1.32222389 -2.54678901]
 [ 1.26957847 -2.90986851]
 [ 1.21693304 -3.27294801]
 [ 1.16428762 -3.63602752]
 [ 1.1116422  -3.99910702]
 [ 1.05899677 -4.36218652]
 [ 1.00635135 -4.72526602]
 [ 0.95370592 -5.08834552]]
Etiqueta: [1 0 0]

Trayectoria 21
Datos: [[1.64143608 3.92290441]
 [1.60733784 4.2573227 ]
 [1.57323961 4.59174098]
 [1.53914137 4.92615926]
 [1.50504313 5.26057755]
 [1.47094489 5.59499583]
 [1.43684666 5.92941411]
 [1.40274842 6.2638324 ]
 [1.36865018 6.59825068]
 [1.33455195 6.93266896]]
Etiqueta: [1 0 0]

Trayectoria 22
Datos: [[ 4.02732257  3.9666942 ]
 [ 3.49855394  4.22896664]
 [ 2.96978531  4.49123908]
 [ 2.44101669  4.75351152]
 [ 1.91224806  5.01578396]
 [ 1.38347943  5.2780564 ]
 [ 0.8547108   5.54032884]
 [ 0.32594218  5.80260128]
 [-0.20282645  6.06487372]
 [-0.73159508  6.32714617]]
Etiqueta: [1 0 0]

Trayectoria 23
Datos: [[ 4.1949334  -3.28965859]
 [ 4.08827916 -3.75630465]
 [ 3.98162493 -4.22295071]
 [ 3.87497069 -4.68959677]
 [ 3.76831646 -5.15624282]
 [ 3.66166222 -5.62288888]
 [ 3.55500799 -6.08953494]
 [ 3.44835375 -6.556181  ]
 [ 3.34169952 -7.02282706]
 [ 3.23504529 -7.48947312]]
Etiqueta: [1 0 0]

Trayectoria 24
Datos: [[4.70047071 2.11337542]
 [4.9999358  2.38799411]
 [5.29940089 2.6626128 ]
 [5.59886598 2.93723149]
 [5.89833106 3.21185018]
 [6.19779615 3.48646887]
 [6.49726124 3.76108755]
 [6.79672633 4.03570624]
 [7.09619142 4.31032493]
 [7.39565651 4.58494362]]
Etiqueta: [1 0 0]

Trayectoria 25
Datos: [[-1.24993903  2.22132925]
 [-1.15863398  1.56548603]
 [-1.06732892  0.9096428 ]
 [-0.97602387  0.25379957]
 [-0.88471882 -0.40204366]
 [-0.79341376 -1.05788688]
 [-0.70210871 -1.71373011]
 [-0.61080365 -2.36957334]
 [-0.5194986  -3.02541656]
 [-0.42819355 -3.68125979]]
Etiqueta: [1 0 0]

Trayectoria 26
Datos: [[-2.19705775  1.10741369]
 [-1.92597067  0.57067099]
 [-1.65488359  0.03392829]
 [-1.3837965  -0.50281442]
 [-1.11270942 -1.03955712]
 [-0.84162233 -1.57629982]
 [-0.57053525 -2.11304252]
 [-0.29944817 -2.64978522]
 [-0.02836108 -3.18652792]
 [ 0.242726   -3.72327063]]
Etiqueta: [1 0 0]

Trayectoria 27
Datos: [[ 0.61217466 -4.26489064]
 [ 0.45649737 -3.79366383]
 [ 0.30082007 -3.32243703]
 [ 0.14514277 -2.85121022]
 [-0.01053453 -2.37998342]
 [-0.16621183 -1.90875661]
 [-0.32188913 -1.43752981]
 [-0.47756643 -0.966303  ]
 [-0.63324373 -0.4950762 ]
 [-0.78892103 -0.02384939]]
Etiqueta: [1 0 0]

Trayectoria 28
Datos: [[-3.66152797  2.52660188]
 [-4.02262007  2.35928201]
 [-4.38371217  2.19196214]
 [-4.74480427  2.02464227]
 [-5.10589636  1.85732241]
 [-5.46698846  1.69000254]
 [-5.82808056  1.52268267]
 [-6.18917266  1.3553628 ]
 [-6.55026475  1.18804293]
 [-6.91135685  1.02072307]]
Etiqueta: [1 0 0]

Trayectoria 29
Datos: [[-0.53270657  3.35825936]
 [-0.75792822  2.97216747]
 [-0.98314986  2.58607558]
 [-1.2083715   2.1999837 ]
 [-1.43359315  1.81389181]
 [-1.65881479  1.42779993]
 [-1.88403644  1.04170804]
 [-2.10925808  0.65561616]
 [-2.33447972  0.26952427]
 [-2.55970137 -0.11656762]]
Etiqueta: [1 0 0]

Trayectoria 30
Datos: [[-0.29781502  4.62028627]
 [ 0.16074473  4.70939447]
 [ 0.61930447  4.79850267]
 [ 1.07786422  4.88761086]
 [ 1.53642397  4.97671906]
 [ 1.99498371  5.06582726]
 [ 2.45354346  5.15493546]
 [ 2.91210321  5.24404366]
 [ 3.37066295  5.33315185]
 [ 3.8292227   5.42226005]]
Etiqueta: [1 0 0]

Trayectoria 31
Datos: [[-3.45461001  1.00751628]
 [-3.48436208  0.57377693]
 [-3.51411414  0.14003758]
 [-3.54386621 -0.29370176]
 [-3.57361828 -0.72744111]
 [-3.60337034 -1.16118046]
 [-3.63312241 -1.5949198 ]
 [-3.66287447 -2.02865915]
 [-3.69262654 -2.4623985 ]
 [-3.7223786  -2.89613784]]
Etiqueta: [1 0 0]

Trayectoria 32
Datos: [[ 6.28817145e-01 -4.91751388e+00]
 [ 3.14309379e-01 -4.39462811e+00]
 [-1.98387407e-04 -3.87174234e+00]
 [-3.14706154e-01 -3.34885657e+00]
 [-6.29213920e-01 -2.82597080e+00]
 [-9.43721686e-01 -2.30308503e+00]
 [-1.25822945e+00 -1.78019926e+00]
 [-1.57273722e+00 -1.25731349e+00]
 [-1.88724498e+00 -7.34427725e-01]
 [-2.20175275e+00 -2.11541955e-01]]
Etiqueta: [1 0 0]

Trayectoria 33
Datos: [[ 4.2115897  -3.28226038]
 [ 3.78882539 -3.30424346]
 [ 3.36606107 -3.32622654]
 [ 2.94329676 -3.34820962]
 [ 2.52053245 -3.3701927 ]
 [ 2.09776813 -3.39217578]
 [ 1.67500382 -3.41415886]
 [ 1.25223951 -3.43614194]
 [ 0.82947519 -3.45812502]
 [ 0.40671088 -3.4801081 ]]
Etiqueta: [1 0 0]

Trayectoria 34
Datos: [[ 0.29639648 -0.16682391]
 [ 0.70788041 -0.2694629 ]
 [ 1.11936434 -0.37210189]
 [ 1.53084827 -0.47474087]
 [ 1.9423322  -0.57737986]
 [ 2.35381614 -0.68001885]
 [ 2.76530007 -0.78265784]
 [ 3.176784   -0.88529683]
 [ 3.58826793 -0.98793582]
 [ 3.99975186 -1.09057481]]
Etiqueta: [1 0 0]

Trayectoria 35
Datos: [[-2.00539129  0.16633298]
 [-2.34677152  0.14624576]
 [-2.68815175  0.12615854]
 [-3.02953198  0.10607132]
 [-3.37091221  0.0859841 ]
 [-3.71229244  0.06589687]
 [-4.05367267  0.04580965]
 [-4.3950529   0.02572243]
 [-4.73643313  0.00563521]
 [-5.07781337 -0.01445201]]
Etiqueta: [1 0 0]

Trayectoria 36
Datos: [[-3.05631251  4.03114517]
 [-3.38757195  4.12534628]
 [-3.71883139  4.2195474 ]
 [-4.05009082  4.31374851]
 [-4.38135026  4.40794962]
 [-4.71260969  4.50215073]
 [-5.04386913  4.59635185]
 [-5.37512856  4.69055296]
 [-5.706388    4.78475407]
 [-6.03764743  4.87895519]]
Etiqueta: [1 0 0]

Trayectoria 37
Datos: [[4.88840252 1.10758898]
 [5.23233341 1.54304273]
 [5.57626431 1.97849648]
 [5.9201952  2.41395023]
 [6.2641261  2.84940399]
 [6.60805699 3.28485774]
 [6.95198788 3.72031149]
 [7.29591878 4.15576524]
 [7.63984967 4.59121899]
 [7.98378057 5.02667274]]
Etiqueta: [1 0 0]

Trayectoria 38
Datos: [[-3.50711376 -0.34087398]
 [-3.97687795 -0.57780476]
 [-4.44664214 -0.81473553]
 [-4.91640633 -1.05166631]
 [-5.38617052 -1.28859709]
 [-5.85593471 -1.52552786]
 [-6.32569891 -1.76245864]
 [-6.7954631  -1.99938942]
 [-7.26522729 -2.23632019]
 [-7.73499148 -2.47325097]]
Etiqueta: [1 0 0]

Trayectoria 39
Datos: [[-3.09829236  4.69521368]
 [-3.06483286  5.29864604]
 [-3.03137336  5.9020784 ]
 [-2.99791386  6.50551076]
 [-2.96445435  7.10894311]
 [-2.93099485  7.71237547]
 [-2.89753535  8.31580783]
 [-2.86407585  8.91924019]
 [-2.83061635  9.52267255]
 [-2.79715684 10.12610491]]
Etiqueta: [1 0 0]

Trayectoria 40
Datos: [[ 1.75381297  3.97753899]
 [ 1.53315059  4.33857397]
 [ 1.3124882   4.69960894]
 [ 1.09182581  5.06064391]
 [ 0.87116343  5.42167888]
 [ 0.65050104  5.78271385]
 [ 0.42983866  6.14374882]
 [ 0.20917627  6.50478379]
 [-0.01148611  6.86581876]
 [-0.2321485   7.22685373]]
Etiqueta: [1 0 0]

Trayectoria 41
Datos: [[ 0.37200157 -1.91894188]
 [-0.25263047 -2.07337669]
 [-0.87726252 -2.22781151]
 [-1.50189457 -2.38224633]
 [-2.12652661 -2.53668114]
 [-2.75115866 -2.69111596]
 [-3.37579071 -2.84555078]
 [-4.00042275 -2.9999856 ]
 [-4.6250548  -3.15442041]
 [-5.24968685 -3.30885523]]
Etiqueta: [1 0 0]

Trayectoria 42
Datos: [[ 1.80515213  0.02425881]
 [ 1.21676473  0.094383  ]
 [ 0.62837732  0.16450718]
 [ 0.03998991  0.23463136]
 [-0.5483975   0.30475554]
 [-1.1367849   0.37487973]
 [-1.72517231  0.44500391]
 [-2.31355972  0.51512809]
 [-2.90194712  0.58525228]
 [-3.49033453  0.65537646]]
Etiqueta: [1 0 0]

Trayectoria 43
Datos: [[-1.96325152  2.87574005]
 [-2.00687202  2.25399979]
 [-2.05049252  1.63225952]
 [-2.09411302  1.01051926]
 [-2.13773351  0.38877899]
 [-2.18135401 -0.23296127]
 [-2.22497451 -0.85470154]
 [-2.268595   -1.4764418 ]
 [-2.3122155  -2.09818207]
 [-2.355836   -2.71992233]]
Etiqueta: [1 0 0]

Trayectoria 44
Datos: [[-3.14891132  0.46046707]
 [-2.63347152  0.05037068]
 [-2.11803172 -0.35972571]
 [-1.60259192 -0.76982209]
 [-1.08715212 -1.17991848]
 [-0.57171232 -1.59001487]
 [-0.05627251 -2.00011126]
 [ 0.45916729 -2.41020765]
 [ 0.97460709 -2.82030403]
 [ 1.49004689 -3.23040042]]
Etiqueta: [1 0 0]

Trayectoria 45
Datos: [[1.62786959 3.87220196]
 [1.9681757  3.89755221]
 [2.30848181 3.92290247]
 [2.64878791 3.94825272]
 [2.98909402 3.97360297]
 [3.32940013 3.99895322]
 [3.66970624 4.02430348]
 [4.01001235 4.04965373]
 [4.35031846 4.07500398]
 [4.69062457 4.10035424]]
Etiqueta: [1 0 0]

Trayectoria 46
Datos: [[1.61671445 4.3497419 ]
 [1.64747869 4.9308976 ]
 [1.67824294 5.51205329]
 [1.70900719 6.09320899]
 [1.73977144 6.67436468]
 [1.77053569 7.25552038]
 [1.80129993 7.83667608]
 [1.83206418 8.41783177]
 [1.86282843 8.99898747]
 [1.89359268 9.58014316]]
Etiqueta: [1 0 0]

Trayectoria 47
Datos: [[-2.34625655 -1.91339053]
 [-1.86895317 -2.0238823 ]
 [-1.39164979 -2.13437408]
 [-0.91434641 -2.24486585]
 [-0.43704303 -2.35535762]
 [ 0.04026035 -2.46584939]
 [ 0.51756373 -2.57634116]
 [ 0.99486711 -2.68683293]
 [ 1.47217049 -2.7973247 ]
 [ 1.94947387 -2.90781648]]
Etiqueta: [1 0 0]

Trayectoria 48
Datos: [[-2.4824023   2.47442999]
 [-2.1600293   2.75404842]
 [-1.83765631  3.03366685]
 [-1.51528331  3.31328528]
 [-1.19291031  3.59290371]
 [-0.87053732  3.87252214]
 [-0.54816432  4.15214057]
 [-0.22579132  4.431759  ]
 [ 0.09658168  4.71137743]
 [ 0.41895467  4.99099586]]
Etiqueta: [1 0 0]

Trayectoria 49
Datos: [[-2.34760004 -3.39009266]
 [-2.51348621 -3.7144198 ]
 [-2.67937237 -4.03874695]
 [-2.84525854 -4.3630741 ]
 [-3.0111447  -4.68740125]
 [-3.17703086 -5.0117284 ]
 [-3.34291703 -5.33605554]
 [-3.50880319 -5.66038269]
 [-3.67468936 -5.98470984]
 [-3.84057552 -6.30903699]]
Etiqueta: [1 0 0]

Trayectoria 50
Datos: [[ 2.54955554  2.72294049]
 [ 2.17102098  2.62120927]
 [ 1.79248641  2.51947805]
 [ 1.41395185  2.41774682]
 [ 1.03541729  2.3160156 ]
 [ 0.65688273  2.21428438]
 [ 0.27834817  2.11255316]
 [-0.10018639  2.01082194]
 [-0.47872095  1.90909072]
 [-0.85725552  1.8073595 ]]
Etiqueta: [1 0 0]

Trayectoria 51
Datos: [[ 4.09967796 -4.60514543]
 [ 4.434809   -5.15379599]
 [ 4.76994003 -5.70244654]
 [ 5.10507107 -6.2510971 ]
 [ 5.44020211 -6.79974766]
 [ 5.77533315 -7.34839822]
 [ 6.11046418 -7.89704877]
 [ 6.44559522 -8.44569933]
 [ 6.78072626 -8.99434989]
 [ 7.11585729 -9.54300045]]
Etiqueta: [1 0 0]

Trayectoria 52
Datos: [[ 1.19063098 -1.08561805]
 [ 1.3872535  -0.76253469]
 [ 1.58387601 -0.43945132]
 [ 1.78049853 -0.11636796]
 [ 1.97712104  0.20671541]
 [ 2.17374355  0.52979877]
 [ 2.37036607  0.85288214]
 [ 2.56698858  1.1759655 ]
 [ 2.76361109  1.49904886]
 [ 2.96023361  1.82213223]]
Etiqueta: [1 0 0]

Trayectoria 53
Datos: [[ 3.70168028  4.7013604 ]
 [ 3.88823945  5.3152669 ]
 [ 4.07479863  5.9291734 ]
 [ 4.2613578   6.5430799 ]
 [ 4.44791698  7.1569864 ]
 [ 4.63447615  7.7708929 ]
 [ 4.82103533  8.38479939]
 [ 5.0075945   8.99870589]
 [ 5.19415368  9.61261239]
 [ 5.38071285 10.22651889]]
Etiqueta: [1 0 0]

Trayectoria 54
Datos: [[ 4.13158639  0.97073307]
 [ 3.64018177  0.9832725 ]
 [ 3.14877714  0.99581193]
 [ 2.65737251  1.00835136]
 [ 2.16596788  1.02089078]
 [ 1.67456325  1.03343021]
 [ 1.18315862  1.04596964]
 [ 0.691754    1.05850907]
 [ 0.20034937  1.0710485 ]
 [-0.29105526  1.08358793]]
Etiqueta: [1 0 0]

Trayectoria 55
Datos: [[ 0.90184107 -4.59889579]
 [ 0.84827555 -4.00424152]
 [ 0.79471004 -3.40958726]
 [ 0.74114452 -2.81493299]
 [ 0.687579   -2.22027873]
 [ 0.63401349 -1.62562446]
 [ 0.58044797 -1.0309702 ]
 [ 0.52688246 -0.43631593]
 [ 0.47331694  0.15833833]
 [ 0.41975142  0.7529926 ]]
Etiqueta: [1 0 0]

Trayectoria 56
Datos: [[ 1.29010252 -2.6630198 ]
 [ 0.7005426  -2.35366391]
 [ 0.11098268 -2.04430802]
 [-0.47857724 -1.73495213]
 [-1.06813716 -1.42559624]
 [-1.65769708 -1.11624035]
 [-2.247257   -0.80688446]
 [-2.83681692 -0.49752856]
 [-3.42637684 -0.18817267]
 [-4.01593676  0.12118322]]
Etiqueta: [1 0 0]

Trayectoria 57
Datos: [[-3.64718363  3.12070885]
 [-3.2394409   2.73443958]
 [-2.83169817  2.34817031]
 [-2.42395543  1.96190103]
 [-2.0162127   1.57563176]
 [-1.60846997  1.18936249]
 [-1.20072724  0.80309322]
 [-0.79298451  0.41682394]
 [-0.38524178  0.03055467]
 [ 0.02250095 -0.3557146 ]]
Etiqueta: [1 0 0]

Trayectoria 58
Datos: [[1.28691029 3.02432476]
 [1.75974509 2.81052533]
 [2.23257988 2.59672589]
 [2.70541468 2.38292646]
 [3.17824948 2.16912703]
 [3.65108427 1.95532759]
 [4.12391907 1.74152816]
 [4.59675387 1.52772873]
 [5.06958866 1.31392929]
 [5.54242346 1.10012986]]
Etiqueta: [1 0 0]

Trayectoria 59
Datos: [[4.49577757 2.37968855]
 [5.0854484  2.29497349]
 [5.67511924 2.21025843]
 [6.26479007 2.12554336]
 [6.8544609  2.0408283 ]
 [7.44413174 1.95611323]
 [8.03380257 1.87139817]
 [8.6234734  1.78668311]
 [9.21314424 1.70196804]
 [9.80281507 1.61725298]]
Etiqueta: [1 0 0]

Trayectoria 60
Datos: [[-2.16506487  4.96358584]
 [-2.52891299  4.77198261]
 [-2.89276112  4.58037938]
 [-3.25660925  4.38877615]
 [-3.62045738  4.19717292]
 [-3.98430551  4.00556969]
 [-4.34815364  3.81396646]
 [-4.71200177  3.62236323]
 [-5.0758499   3.43076   ]
 [-5.43969803  3.23915677]]
Etiqueta: [1 0 0]

Trayectoria 61
Datos: [[3.16213504 3.98688658]
 [2.96540127 3.59834765]
 [2.7686675  3.20980872]
 [2.57193373 2.82126978]
 [2.37519996 2.43273085]
 [2.17846619 2.04419191]
 [1.98173242 1.65565298]
 [1.78499866 1.26711405]
 [1.58826489 0.87857511]
 [1.39153112 0.49003618]]
Etiqueta: [1 0 0]

Trayectoria 62
Datos: [[-2.52246099  2.47228551]
 [-2.67728687  3.1197444 ]
 [-2.83211275  3.76720329]
 [-2.98693864  4.41466219]
 [-3.14176452  5.06212108]
 [-3.29659041  5.70957998]
 [-3.45141629  6.35703887]
 [-3.60624217  7.00449777]
 [-3.76106806  7.65195666]
 [-3.91589394  8.29941556]]
Etiqueta: [1 0 0]

Trayectoria 63
Datos: [[-0.49736264  1.00796093]
 [-0.93153724  1.40319028]
 [-1.36571184  1.79841964]
 [-1.79988645  2.19364899]
 [-2.23406105  2.58887834]
 [-2.66823565  2.98410769]
 [-3.10241025  3.37933704]
 [-3.53658485  3.7745664 ]
 [-3.97075946  4.16979575]
 [-4.40493406  4.5650251 ]]
Etiqueta: [1 0 0]

Trayectoria 64
Datos: [[ 4.36338709 -4.10389178]
 [ 4.89701693 -4.18263446]
 [ 5.43064677 -4.26137713]
 [ 5.96427661 -4.34011981]
 [ 6.49790645 -4.41886248]
 [ 7.03153629 -4.49760516]
 [ 7.56516613 -4.57634783]
 [ 8.09879597 -4.65509051]
 [ 8.63242581 -4.73383318]
 [ 9.16605565 -4.81257586]]
Etiqueta: [1 0 0]

Trayectoria 65
Datos: [[ 3.91845806 -0.77830202]
 [ 3.51351419 -1.08449633]
 [ 3.10857031 -1.39069064]
 [ 2.70362644 -1.69688496]
 [ 2.29868257 -2.00307927]
 [ 1.89373869 -2.30927358]
 [ 1.48879482 -2.61546789]
 [ 1.08385094 -2.9216622 ]
 [ 0.67890707 -3.22785652]
 [ 0.2739632  -3.53405083]]
Etiqueta: [1 0 0]

Trayectoria 66
Datos: [[-3.63344779 -2.66952668]
 [-3.2043726  -2.20689553]
 [-2.77529741 -1.74426438]
 [-2.34622222 -1.28163323]
 [-1.91714703 -0.81900208]
 [-1.48807183 -0.35637094]
 [-1.05899664  0.10626021]
 [-0.62992145  0.56889136]
 [-0.20084626  1.03152251]
 [ 0.22822893  1.49415366]]
Etiqueta: [1 0 0]

Trayectoria 67
Datos: [[ 3.22405621 -3.04223621]
 [ 3.31735949 -3.37149652]
 [ 3.41066277 -3.70075683]
 [ 3.50396606 -4.03001714]
 [ 3.59726934 -4.35927746]
 [ 3.69057262 -4.68853777]
 [ 3.78387591 -5.01779808]
 [ 3.87717919 -5.34705839]
 [ 3.97048247 -5.6763187 ]
 [ 4.06378576 -6.00557901]]
Etiqueta: [1 0 0]

Trayectoria 68
Datos: [[-0.56397964 -2.43883426]
 [-0.07238214 -2.73113289]
 [ 0.41921536 -3.02343153]
 [ 0.91081286 -3.31573016]
 [ 1.40241036 -3.6080288 ]
 [ 1.89400786 -3.90032743]
 [ 2.38560536 -4.19262606]
 [ 2.87720286 -4.4849247 ]
 [ 3.36880036 -4.77722333]
 [ 3.86039786 -5.06952197]]
Etiqueta: [1 0 0]

Trayectoria 69
Datos: [[-1.97215715 -3.31293032]
 [-2.47729942 -3.60830379]
 [-2.98244169 -3.90367725]
 [-3.48758396 -4.19905071]
 [-3.99272623 -4.49442418]
 [-4.49786849 -4.78979764]
 [-5.00301076 -5.0851711 ]
 [-5.50815303 -5.38054457]
 [-6.0132953  -5.67591803]
 [-6.51843756 -5.9712915 ]]
Etiqueta: [1 0 0]

Trayectoria 70
Datos: [[ 3.06819162 -2.76865601]
 [ 2.67802591 -2.79947755]
 [ 2.28786019 -2.8302991 ]
 [ 1.89769448 -2.86112064]
 [ 1.50752877 -2.89194219]
 [ 1.11736306 -2.92276373]
 [ 0.72719735 -2.95358527]
 [ 0.33703164 -2.98440682]
 [-0.05313407 -3.01522836]
 [-0.44329978 -3.04604991]]
Etiqueta: [1 0 0]

Trayectoria 71
Datos: [[0.93836672 4.66183683]
 [1.38661391 4.46273473]
 [1.83486109 4.26363263]
 [2.28310827 4.06453052]
 [2.73135546 3.86542842]
 [3.17960264 3.66632632]
 [3.62784982 3.46722421]
 [4.07609701 3.26812211]
 [4.52434419 3.06902001]
 [4.97259137 2.8699179 ]]
Etiqueta: [1 0 0]

Trayectoria 72
Datos: [[ 3.29864533 -1.22335356]
 [ 2.92803547 -1.43026824]
 [ 2.55742561 -1.63718293]
 [ 2.18681575 -1.84409762]
 [ 1.81620589 -2.05101231]
 [ 1.44559603 -2.25792699]
 [ 1.07498617 -2.46484168]
 [ 0.70437631 -2.67175637]
 [ 0.33376645 -2.87867106]
 [-0.03684341 -3.08558575]]
Etiqueta: [1 0 0]

Trayectoria 73
Datos: [[ 2.62985743 -1.03247142]
 [ 2.60327298 -0.53636805]
 [ 2.57668853 -0.04026467]
 [ 2.55010408  0.4558387 ]
 [ 2.52351963  0.95194207]
 [ 2.49693518  1.44804545]
 [ 2.47035073  1.94414882]
 [ 2.44376628  2.44025219]
 [ 2.41718183  2.93635557]
 [ 2.39059738  3.43245894]]
Etiqueta: [1 0 0]

Trayectoria 74
Datos: [[ 1.1551117  -1.30061944]
 [ 1.20467985 -0.92559507]
 [ 1.254248   -0.5505707 ]
 [ 1.30381614 -0.17554633]
 [ 1.35338429  0.19947804]
 [ 1.40295244  0.57450241]
 [ 1.45252058  0.94952677]
 [ 1.50208873  1.32455114]
 [ 1.55165688  1.69957551]
 [ 1.60122502  2.07459988]]
Etiqueta: [1 0 0]

Trayectoria 75
Datos: [[ 4.22351805 -0.46339488]
 [ 4.63592863 -0.59335018]
 [ 5.04833922 -0.72330547]
 [ 5.4607498  -0.85326076]
 [ 5.87316039 -0.98321606]
 [ 6.28557097 -1.11317135]
 [ 6.69798155 -1.24312664]
 [ 7.11039214 -1.37308194]
 [ 7.52280272 -1.50303723]
 [ 7.93521331 -1.63299252]]
Etiqueta: [1 0 0]

Trayectoria 76
Datos: [[ 3.40115491 -0.13452373]
 [ 3.03737949  0.1344086 ]
 [ 2.67360406  0.40334092]
 [ 2.30982864  0.67227325]
 [ 1.94605322  0.94120557]
 [ 1.5822778   1.21013789]
 [ 1.21850237  1.47907022]
 [ 0.85472695  1.74800254]
 [ 0.49095153  2.01693487]
 [ 0.12717611  2.28586719]]
Etiqueta: [1 0 0]

Trayectoria 77
Datos: [[-0.61759997  4.88597111]
 [-0.43438943  5.28619602]
 [-0.2511789   5.68642093]
 [-0.06796836  6.08664584]
 [ 0.11524218  6.48687076]
 [ 0.29845271  6.88709567]
 [ 0.48166325  7.28732058]
 [ 0.66487379  7.68754549]
 [ 0.84808432  8.0877704 ]
 [ 1.03129486  8.48799531]]
Etiqueta: [1 0 0]

Trayectoria 78
Datos: [[4.8378492  1.45322092]
 [4.40124269 1.63806324]
 [3.96463618 1.82290556]
 [3.52802967 2.00774788]
 [3.09142316 2.1925902 ]
 [2.65481664 2.37743252]
 [2.21821013 2.56227484]
 [1.78160362 2.74711717]
 [1.34499711 2.93195949]
 [0.9083906  3.11680181]]
Etiqueta: [1 0 0]

Trayectoria 79
Datos: [[-4.56221697  3.26402927]
 [-4.32937734  2.78002178]
 [-4.09653771  2.29601429]
 [-3.86369808  1.8120068 ]
 [-3.63085845  1.32799931]
 [-3.39801882  0.84399182]
 [-3.1651792   0.35998433]
 [-2.93233957 -0.12402316]
 [-2.69949994 -0.60803065]
 [-2.46666031 -1.09203814]]
Etiqueta: [1 0 0]

Trayectoria 80
Datos: [[ 3.06285279 -4.44045728]
 [ 2.61566648 -4.05136565]
 [ 2.16848017 -3.66227402]
 [ 1.72129385 -3.27318239]
 [ 1.27410754 -2.88409076]
 [ 0.82692123 -2.49499913]
 [ 0.37973492 -2.1059075 ]
 [-0.06745139 -1.71681587]
 [-0.5146377  -1.32772425]
 [-0.96182402 -0.93863262]]
Etiqueta: [1 0 0]

Trayectoria 81
Datos: [[ 4.22466938 -2.06396538]
 [ 4.3365505  -1.68176539]
 [ 4.44843163 -1.2995654 ]
 [ 4.56031275 -0.91736541]
 [ 4.67219388 -0.53516542]
 [ 4.784075   -0.15296544]
 [ 4.89595613  0.22923455]
 [ 5.00783725  0.61143454]
 [ 5.11971838  0.99363453]
 [ 5.2315995   1.37583452]]
Etiqueta: [1 0 0]

Trayectoria 82
Datos: [[-0.74843088  0.31774582]
 [-0.48252031  0.09366127]
 [-0.21660974 -0.13042328]
 [ 0.04930083 -0.35450783]
 [ 0.31521141 -0.57859239]
 [ 0.58112198 -0.80267694]
 [ 0.84703255 -1.02676149]
 [ 1.11294312 -1.25084604]
 [ 1.37885369 -1.47493059]
 [ 1.64476427 -1.69901515]]
Etiqueta: [1 0 0]

Trayectoria 83
Datos: [[ 3.0316835  -2.64649757]
 [ 3.39601768 -2.48042229]
 [ 3.76035186 -2.314347  ]
 [ 4.12468603 -2.14827172]
 [ 4.48902021 -1.98219643]
 [ 4.85335439 -1.81612115]
 [ 5.21768856 -1.65004586]
 [ 5.58202274 -1.48397058]
 [ 5.94635692 -1.31789529]
 [ 6.31069109 -1.15182001]]
Etiqueta: [1 0 0]

Trayectoria 84
Datos: [[ 1.22428043  1.9013468 ]
 [ 0.8536445   2.32018494]
 [ 0.48300858  2.73902307]
 [ 0.11237265  3.15786121]
 [-0.25826328  3.57669934]
 [-0.6288992   3.99553747]
 [-0.99953513  4.41437561]
 [-1.37017106  4.83321374]
 [-1.74080698  5.25205188]
 [-2.11144291  5.67089001]]
Etiqueta: [1 0 0]

Trayectoria 85
Datos: [[ 2.84691705 -4.42856055]
 [ 3.32371815 -4.72702921]
 [ 3.80051925 -5.02549787]
 [ 4.27732035 -5.32396653]
 [ 4.75412145 -5.62243519]
 [ 5.23092255 -5.92090385]
 [ 5.70772365 -6.2193725 ]
 [ 6.18452475 -6.51784116]
 [ 6.66132585 -6.81630982]
 [ 7.13812695 -7.11477848]]
Etiqueta: [1 0 0]

Trayectoria 86
Datos: [[ 0.38649024  4.19620003]
 [ 0.12042652  3.89175866]
 [-0.14563719  3.58731729]
 [-0.4117009   3.28287592]
 [-0.67776462  2.97843455]
 [-0.94382833  2.67399318]
 [-1.20989204  2.36955181]
 [-1.47595576  2.06511044]
 [-1.74201947  1.76066907]
 [-2.00808319  1.4562277 ]]
Etiqueta: [1 0 0]

Trayectoria 87
Datos: [[-4.39373114 -3.04548945]
 [-4.87601019 -2.75929999]
 [-5.35828925 -2.47311052]
 [-5.84056831 -2.18692106]
 [-6.32284737 -1.9007316 ]
 [-6.80512642 -1.61454213]
 [-7.28740548 -1.32835267]
 [-7.76968454 -1.04216321]
 [-8.25196359 -0.75597374]
 [-8.73424265 -0.46978428]]
Etiqueta: [1 0 0]

Trayectoria 88
Datos: [[-0.71098462 -1.52720626]
 [-0.42391694 -1.07719056]
 [-0.13684926 -0.62717486]
 [ 0.15021842 -0.17715917]
 [ 0.4372861   0.27285653]
 [ 0.72435378  0.72287223]
 [ 1.01142146  1.17288792]
 [ 1.29848914  1.62290362]
 [ 1.58555682  2.07291932]
 [ 1.87262451  2.52293501]]
Etiqueta: [1 0 0]

Trayectoria 89
Datos: [[ 2.97009646 -2.8074943 ]
 [ 3.21007246 -3.28018174]
 [ 3.45004845 -3.75286918]
 [ 3.69002445 -4.22555662]
 [ 3.93000045 -4.69824406]
 [ 4.16997644 -5.1709315 ]
 [ 4.40995244 -5.64361894]
 [ 4.64992843 -6.11630638]
 [ 4.88990443 -6.58899383]
 [ 5.12988042 -7.06168127]]
Etiqueta: [1 0 0]

Trayectoria 90
Datos: [[ 3.40824895 -1.45322607]
 [ 3.9169175  -1.06175679]
 [ 4.42558606 -0.67028752]
 [ 4.93425462 -0.27881824]
 [ 5.44292317  0.11265103]
 [ 5.95159173  0.50412031]
 [ 6.46026028  0.89558958]
 [ 6.96892884  1.28705886]
 [ 7.4775974   1.67852813]
 [ 7.98626595  2.06999741]]
Etiqueta: [1 0 0]

Trayectoria 91
Datos: [[4.65140423 1.73372653]
 [4.30512561 1.98274079]
 [3.958847   2.23175504]
 [3.61256839 2.4807693 ]
 [3.26628978 2.72978356]
 [2.92001117 2.97879781]
 [2.57373256 3.22781207]
 [2.22745395 3.47682633]
 [1.88117533 3.72584058]
 [1.53489672 3.97485484]]
Etiqueta: [1 0 0]

Trayectoria 92
Datos: [[-1.12902771  1.83719485]
 [-1.60219912  1.75298139]
 [-2.07537052  1.66876792]
 [-2.54854193  1.58455446]
 [-3.02171333  1.50034099]
 [-3.49488474  1.41612753]
 [-3.96805614  1.33191406]
 [-4.44122755  1.24770059]
 [-4.91439895  1.16348713]
 [-5.38757036  1.07927366]]
Etiqueta: [1 0 0]

Trayectoria 93
Datos: [[-4.51770677  1.73128274]
 [-4.35881799  2.09126684]
 [-4.19992922  2.45125095]
 [-4.04104044  2.81123505]
 [-3.88215167  3.17121916]
 [-3.72326289  3.53120327]
 [-3.56437411  3.89118737]
 [-3.40548534  4.25117148]
 [-3.24659656  4.61115558]
 [-3.08770779  4.97113969]]
Etiqueta: [1 0 0]

Trayectoria 94
Datos: [[ 1.64987086  0.60550272]
 [ 1.95659939  0.38846916]
 [ 2.26332792  0.17143561]
 [ 2.57005645 -0.04559794]
 [ 2.87678498 -0.26263149]
 [ 3.18351352 -0.47966505]
 [ 3.49024205 -0.6966986 ]
 [ 3.79697058 -0.91373215]
 [ 4.10369911 -1.1307657 ]
 [ 4.41042764 -1.34779926]]
Etiqueta: [1 0 0]

Trayectoria 95
Datos: [[ 3.08574959 -0.85808956]
 [ 2.67135331 -0.99176057]
 [ 2.25695702 -1.12543159]
 [ 1.84256074 -1.25910261]
 [ 1.42816445 -1.39277363]
 [ 1.01376816 -1.52644464]
 [ 0.59937188 -1.66011566]
 [ 0.18497559 -1.79378668]
 [-0.2294207  -1.92745769]
 [-0.64381698 -2.06112871]]
Etiqueta: [1 0 0]

Trayectoria 96
Datos: [[ 1.85409318  0.09953598]
 [ 1.83635184 -0.36800508]
 [ 1.81861051 -0.83554614]
 [ 1.80086917 -1.3030872 ]
 [ 1.78312783 -1.77062826]
 [ 1.7653865  -2.23816931]
 [ 1.74764516 -2.70571037]
 [ 1.72990383 -3.17325143]
 [ 1.71216249 -3.64079249]
 [ 1.69442116 -4.10833355]]
Etiqueta: [1 0 0]

Trayectoria 97
Datos: [[ 3.56414389 -2.60369259]
 [ 3.09858882 -2.6745888 ]
 [ 2.63303374 -2.745485  ]
 [ 2.16747867 -2.8163812 ]
 [ 1.70192359 -2.8872774 ]
 [ 1.23636852 -2.95817361]
 [ 0.77081345 -3.02906981]
 [ 0.30525837 -3.09996601]
 [-0.1602967  -3.17086222]
 [-0.62585178 -3.24175842]]
Etiqueta: [1 0 0]

Trayectoria 98
Datos: [[ 0.00535355 -2.09553773]
 [ 0.53558402 -1.85032631]
 [ 1.06581449 -1.6051149 ]
 [ 1.59604496 -1.35990348]
 [ 2.12627542 -1.11469206]
 [ 2.65650589 -0.86948064]
 [ 3.18673636 -0.62426923]
 [ 3.71696683 -0.37905781]
 [ 4.24719729 -0.13384639]
 [ 4.77742776  0.11136503]]
Etiqueta: [1 0 0]

Trayectoria 99
Datos: [[-3.75110788  1.44786316]
 [-3.66299347  1.79809385]
 [-3.57487906  2.14832454]
 [-3.48676464  2.49855522]
 [-3.39865023  2.84878591]
 [-3.31053582  3.1990166 ]
 [-3.2224214   3.54924728]
 [-3.13430699  3.89947797]
 [-3.04619258  4.24970866]
 [-2.95807817  4.59993934]]
Etiqueta: [1 0 0]

Trayectoria 100
Datos: [[ 0.92322485 -2.8748689 ]
 [ 0.72902178 -3.4992569 ]
 [ 0.53481871 -4.12364491]
 [ 0.34061563 -4.74803291]
 [ 0.14641256 -5.37242092]
 [-0.04779051 -5.99680892]
 [-0.24199358 -6.62119693]
 [-0.43619666 -7.24558493]
 [-0.63039973 -7.86997294]
 [-0.8246028  -8.49436094]]
Etiqueta: [1 0 0]

Trayectoria 101
Datos: [[ 2.4387329   1.23914402]
 [ 2.4276796   2.16071691]
 [ 1.84741701  2.87675748]
 [ 0.94813616  3.07853147]
 [ 0.1175788   2.67904024]
 [-0.28614478  1.85053192]
 [-0.0889616   0.95023331]
 [ 0.62410911  0.36632499]
 [ 1.54561362  0.35056992]
 [ 2.27822804  0.9097612 ]]
Etiqueta: [0 1 0]

Trayectoria 102
Datos: [[ 0.94819642  0.078417  ]
 [-0.8536528   0.460326  ]
 [-2.50392507 -0.35766943]
 [-3.2910747  -2.0228753 ]
 [-2.87570741 -3.817307  ]
 [-1.43691658 -4.9672618 ]
 [ 0.40493627 -4.97691522]
 [ 1.85570189 -3.84210501]
 [ 2.2898556  -2.05212578]
 [ 1.52020393 -0.37876048]]
Etiqueta: [0 1 0]

Trayectoria 103
Datos: [[ 4.11834453 -3.86818966]
 [ 4.81651759 -2.82512888]
 [ 4.71723216 -1.57390396]
 [ 3.86329701 -0.65400388]
 [ 2.62290223 -0.46206074]
 [ 1.53086718 -1.0808344 ]
 [ 1.05804316 -2.24352904]
 [ 1.40829708 -3.44882717]
 [ 2.43061042 -4.177042  ]
 [ 3.68419369 -4.1141901 ]]
Etiqueta: [0 1 0]

Trayectoria 104
Datos: [[ 1.38779343 -0.62611399]
 [ 0.64218339 -1.1919918 ]
 [ 0.4082927  -2.09832903]
 [ 0.78696769 -2.95434146]
 [ 1.61493558 -3.39094335]
 [ 2.53520254 -3.21988564]
 [ 3.1509783  -2.51492306]
 [ 3.19675965 -1.58001339]
 [ 2.65280709 -0.81826038]
 [ 1.75365593 -0.55810807]]
Etiqueta: [0 1 0]

Trayectoria 105
Datos: [[-1.00546512 -1.3297477 ]
 [-1.1113418  -3.27773732]
 [ 0.01381918 -4.87143936]
 [ 1.88488364 -5.42369944]
 [ 3.69510722 -4.69640031]
 [ 4.66397822 -3.00313057]
 [ 4.37374982 -1.07397508]
 [ 2.94955941  0.25927475]
 [ 1.00547328  0.42176337]
 [-0.62027954 -0.65656923]]
Etiqueta: [0 1 0]

Trayectoria 106
Datos: [[ 0.14177945  2.43856627]
 [-0.54609928  1.27617284]
 [-0.36472448 -0.06227359]
 [ 0.60770074 -0.99967683]
 [ 1.95189707 -1.13185799]
 [ 3.08828918 -0.40182469]
 [ 3.52690039  0.87565558]
 [ 3.07861529  2.14977336]
 [ 1.93672037  2.87116897]
 [ 0.59356494  2.72879923]]
Etiqueta: [0 1 0]

Trayectoria 107
Datos: [[-1.30008772 -0.62239601]
 [-2.80089419 -0.85558331]
 [-3.83351924 -1.96935252]
 [-3.95272732 -3.48348125]
 [-3.10711963 -4.74512462]
 [-1.66129572 -5.21030154]
 [-0.23864955 -4.6784423 ]
 [ 0.54741841 -3.37886794]
 [ 0.35798028 -1.8719142 ]
 [-0.72528414 -0.80733234]]
Etiqueta: [0 1 0]

Trayectoria 108
Datos: [[-3.43162691  3.44962998]
 [-3.53415811  2.18614841]
 [-2.83092908  1.13146018]
 [-1.62515014  0.74031382]
 [-0.43671539  1.18135938]
 [ 0.22195933  2.26443183]
 [ 0.06687413  3.52254427]
 [-0.83510312  4.41323803]
 [-2.09506809  4.55247386]
 [-3.16976335  3.88021764]]
Etiqueta: [0 1 0]

Trayectoria 109
Datos: [[1.79821802 2.78295723]
 [1.2264158  2.40669285]
 [1.01125771 1.75689314]
 [1.24551318 1.11373139]
 [1.82817857 0.75451879]
 [2.50802684 0.83413656]
 [2.99192871 1.31825601]
 [3.07124085 1.99814   ]
 [2.71176635 2.58064386]
 [2.06849936 2.81461017]]
Etiqueta: [0 1 0]

Trayectoria 110
Datos: [[ 0.25342771  1.60325078]
 [-0.55210608  1.24437933]
 [-0.96139459  0.4632543 ]
 [-0.79796544 -0.40332767]
 [-0.13228416 -0.98172359]
 [ 0.74862834 -1.02254726]
 [ 1.46495019 -0.50819678]
 [ 1.70782585  0.33955602]
 [ 1.37253494  1.15518671]
 [ 0.6036444   1.58702088]]
Etiqueta: [0 1 0]

Trayectoria 111
Datos: [[-0.24312573 -2.27617316]
 [ 0.36547479 -3.51549933]
 [ 1.61154465 -4.11017055]
 [ 2.95781756 -3.80378322]
 [ 3.82382283 -2.72844196]
 [ 3.83616611 -1.34780023]
 [ 2.98952537 -0.25714749]
 [ 1.64894557  0.07326098]
 [ 0.39244272 -0.49903662]
 [-0.23821852 -1.72728349]]
Etiqueta: [0 1 0]

Trayectoria 112
Datos: [[ 2.23232704 -0.0725035 ]
 [ 3.41400684  0.60246122]
 [ 3.92229791  1.86483386]
 [ 3.53804108  3.1703189 ]
 [ 2.42691584  3.9560321 ]
 [ 1.06800459  3.88319853]
 [ 0.04722729  2.98322174]
 [-0.19528888  1.64414355]
 [ 0.44502146  0.4433325 ]
 [ 1.69207656 -0.1014593 ]]
Etiqueta: [0 1 0]

Trayectoria 113
Datos: [[ 0.08362435 -3.45426711]
 [ 1.71670022 -3.85843957]
 [ 3.24839262 -3.16258716]
 [ 4.01828377 -1.66673964]
 [ 3.69442073 -0.0158596 ]
 [ 2.4164431   1.07824522]
 [ 0.73537478  1.14383109]
 [-0.62396022  0.15261944]
 [-1.07545925 -1.46801032]
 [-0.42445006 -3.01929341]]
Etiqueta: [0 1 0]

Trayectoria 114
Datos: [[-0.48399126 -1.04047221]
 [ 0.14228714 -1.61076126]
 [ 0.98726324 -1.66966483]
 [ 1.68660982 -1.19178555]
 [ 1.93879054 -0.38316999]
 [ 1.63507298  0.40753216]
 [ 0.90641063  0.8393949 ]
 [ 0.06697987  0.72621254]
 [-0.52128306  0.11678578]
 [-0.6047376  -0.72611966]]
Etiqueta: [0 1 0]

Trayectoria 115
Datos: [[ 1.79584493  1.84732768]
 [ 1.1574866   1.45431554]
 [ 0.90050839  0.75009817]
 [ 1.13571127  0.03831203]
 [ 1.76168311 -0.37414299]
 [ 2.50852448 -0.30942922]
 [ 3.05422077  0.2045508 ]
 [ 3.16348484  0.94618499]
 [ 2.78920544  1.59570391]
 [ 2.09276013  1.87305537]]
Etiqueta: [0 1 0]

Trayectoria 116
Datos: [[ 0.72556203  0.48085403]
 [ 1.89787397  0.88856409]
 [ 2.56457757  1.93548771]
 [ 2.43821113  3.17022424]
 [ 1.57325989  4.06039396]
 [ 0.34266374  4.22218358]
 [-0.72298282  3.58583448]
 [-1.16420638  2.42572047]
 [-0.79076517  1.24204635]
 [ 0.23632467  0.54517532]]
Etiqueta: [0 1 0]

Trayectoria 117
Datos: [[-2.63683473  1.0774314 ]
 [-1.37685578  1.27456674]
 [-0.5107789   2.21068646]
 [-0.41202929  3.48216505]
 [-1.1231847   4.54078078]
 [-2.33761719  4.93009172]
 [-3.53170153  4.48223919]
 [-4.19058595  3.39032316]
 [-4.03018014  2.12514362]
 [-3.11964605  1.23220635]]
Etiqueta: [0 1 0]

Trayectoria 118
Datos: [[ 1.48991003 -1.48467327]
 [ 0.80737297 -1.44546296]
 [ 0.24766059 -1.8380395 ]
 [ 0.05210333 -2.49313616]
 [ 0.30501935 -3.1282958 ]
 [ 0.8973592  -3.46965748]
 [ 1.57372447 -3.37003674]
 [ 2.04248767 -2.87238691]
 [ 2.10153279 -2.19127902]
 [ 1.72540141 -1.62038545]]
Etiqueta: [0 1 0]

Trayectoria 119
Datos: [[ 0.21249073 -4.41028805]
 [ 1.26758875 -3.80175412]
 [ 1.71778983 -2.67000133]
 [ 1.36898136 -1.50300602]
 [ 0.37155862 -0.80394002]
 [-0.84442094 -0.87421867]
 [-1.75466505 -1.68354003]
 [-1.96670495 -2.88295009]
 [-1.38911569 -3.95530079]
 [-0.27093565 -4.43822812]]
Etiqueta: [0 1 0]

Trayectoria 120
Datos: [[-0.62478171 -2.28151269]
 [-0.44856716 -1.41186918]
 [-0.84972547 -0.62041267]
 [-1.65528975 -0.24839441]
 [-2.51792593 -0.45621701]
 [-3.0656923  -1.15427389]
 [-3.06240917 -2.04158478]
 [-2.50949213 -2.73556903]
 [-1.64534167 -2.93700238]
 [-0.84255241 -2.55903307]]
Etiqueta: [0 1 0]

Trayectoria 121
Datos: [[2.54357253 2.42621301]
 [1.84187513 2.52599168]
 [1.22956643 2.169042  ]
 [0.97065475 1.5092695 ]
 [1.17677469 0.83114739]
 [1.7590538  0.4270607 ]
 [2.46643157 0.47123894]
 [2.99390886 0.94463383]
 [3.11405399 1.64313234]
 [2.77506415 2.26556379]]
Etiqueta: [0 1 0]

Trayectoria 122
Datos: [[ 0.38740051 -0.12835524]
 [-0.75647901 -0.62026647]
 [-1.34865521 -1.71560402]
 [-1.13380029 -2.94209266]
 [-0.20455294 -3.7709089 ]
 [ 1.03842449 -3.84469316]
 [ 2.05919908 -3.13163197]
 [ 2.41764479 -1.93917498]
 [ 1.95921108 -0.78147228]
 [ 0.88156019 -0.15768901]]
Etiqueta: [0 1 0]

Trayectoria 123
Datos: [[ 0.39569918 -0.10609457]
 [-0.04111494 -0.63380459]
 [-0.05645429 -1.31867622]
 [ 0.35629498 -1.86541426]
 [ 1.01916831 -2.0382824 ]
 [ 1.64635548 -1.76274532]
 [ 1.96743305 -1.15760596]
 [ 1.84396242 -0.48378147]
 [ 1.32918026 -0.03180385]
 [ 0.64504451  0.00344831]]
Etiqueta: [0 1 0]

Trayectoria 124
Datos: [[ 0.45575209 -2.15452113]
 [ 1.5150378  -2.31725787]
 [ 2.4468932  -1.78790452]
 [ 2.84953144 -0.79470167]
 [ 2.54934753  0.23411273]
 [ 1.67577136  0.85494614]
 [ 0.60546161  0.80011466]
 [-0.20009769  0.09325988]
 [-0.39357461 -0.96084454]
 [ 0.10845204 -1.90770181]]
Etiqueta: [0 1 0]

Trayectoria 125
Datos: [[ 0.10196359 -1.9329335 ]
 [-0.16420642 -2.98903282]
 [ 0.28203593 -3.98254176]
 [ 1.24828493 -4.48509039]
 [ 2.31792428 -4.27999549]
 [ 3.029759   -3.45568755]
 [ 3.07686827 -2.36758233]
 [ 2.43894004 -1.48483671]
 [ 1.39102898 -1.18806295]
 [ 0.38496151 -1.60522059]]
Etiqueta: [0 1 0]

Trayectoria 126
Datos: [[-0.023041    0.22333529]
 [ 0.67204453 -0.29997706]
 [ 1.5418574  -0.27935475]
 [ 2.21136156  0.27631052]
 [ 2.39188778  1.12743331]
 [ 2.00559882  1.90703612]
 [ 1.21905037  2.27897866]
 [ 0.37137748  2.08289095]
 [-0.17192985  1.40331987]
 [-0.17661453  0.53327518]]
Etiqueta: [0 1 0]

Trayectoria 127
Datos: [[-3.8006265   3.00352246]
 [-4.43317261  1.34608472]
 [-3.90134997 -0.34636295]
 [-2.43446384 -1.34409014]
 [-0.66498958 -1.21690815]
 [ 0.64413097 -0.01965385]
 [ 0.92844603  1.73145419]
 [ 0.06536785  3.28139307]
 [-1.57297129  3.96187768]
 [-3.28017088  3.47950439]]
Etiqueta: [0 1 0]

Trayectoria 128
Datos: [[-0.34970086  1.42932173]
 [-0.7673305   0.2262698 ]
 [-0.34875022 -0.97645171]
 [ 0.72556127 -1.66026696]
 [ 1.99239452 -1.53033624]
 [ 2.90553072 -0.6426816 ]
 [ 3.07125415  0.61996808]
 [ 2.41811006  1.71319782]
 [ 1.22771371  2.16564121]
 [ 0.01332673  1.78221883]]
Etiqueta: [0 1 0]

Trayectoria 129
Datos: [[ 1.26722289 -2.90883591]
 [ 1.89031352 -3.32180107]
 [ 2.63521122 -3.25927449]
 [ 3.18073943 -2.74821567]
 [ 3.2916835  -2.00897716]
 [ 2.9202078  -1.36029546]
 [ 2.22648103 -1.08186177]
 [ 1.50961643 -1.293728  ]
 [ 1.07870356 -1.90454405]
 [ 1.11953855 -2.65094519]]
Etiqueta: [0 1 0]

Trayectoria 130
Datos: [[ 1.54520227 -0.17984132]
 [ 2.71147238 -0.35823821]
 [ 3.736961    0.22518659]
 [ 4.17950958  1.31887858]
 [ 3.84830502  2.45127204]
 [ 2.88615237  3.13411439]
 [ 1.70790169  3.0729854 ]
 [ 0.82157777  2.29424198]
 [ 0.60933571  1.13365388]
 [ 1.16268764  0.09163035]]
Etiqueta: [0 1 0]

Trayectoria 131
Datos: [[ 5.17873221 -3.70131458]
 [ 5.1563111  -2.1772924 ]
 [ 4.19347097 -0.9957319 ]
 [ 2.70535834 -0.66608495]
 [ 1.33360075 -1.33048498]
 [ 0.66965708 -2.70246353]
 [ 0.99979906 -4.19046642]
 [ 2.1816798  -5.15291342]
 [ 3.70570935 -5.17482754]
 [ 4.91477393 -4.24676011]]
Etiqueta: [0 1 0]

Trayectoria 132
Datos: [[ 3.58482316  1.42829349]
 [ 3.9841884   2.94568596]
 [ 3.35631609  4.38365289]
 [ 1.97192508  5.12218798]
 [ 0.42792142  4.84285804]
 [-0.6099689   3.66610139]
 [-0.69424008  2.09929862]
 [ 0.21144296  0.81800601]
 [ 1.71657808  0.37467679]
 [ 3.17219817  0.96046062]]
Etiqueta: [0 1 0]

Trayectoria 133
Datos: [[-3.2934692  -2.87118922]
 [-2.1571058  -3.93982095]
 [-0.60292122 -4.07325951]
 [ 0.69896884 -3.21397038]
 [ 1.18723017 -1.73245209]
 [ 0.65133979 -0.26748893]
 [-0.67764316  0.54927288]
 [-2.22670287  0.36567125]
 [-3.32793333 -0.73913055]
 [-3.50651846 -2.28877661]]
Etiqueta: [0 1 0]

Trayectoria 134
Datos: [[ 0.08982125  3.25279008]
 [-1.21053409  2.5937492 ]
 [-1.82179265  1.27026067]
 [-1.48039889 -0.14702871]
 [-0.33355109 -1.04702817]
 [ 1.12426589 -1.04168615]
 [ 2.26448706 -0.13330594]
 [ 2.59548476  1.28644736]
 [ 1.97454316  2.6054206 ]
 [ 0.66939282  3.25491386]]
Etiqueta: [0 1 0]

Trayectoria 135
Datos: [[-3.85287834 -0.32690555]
 [-4.22567384 -1.47113693]
 [-3.80840756 -2.59991096]
 [-2.78099164 -3.22653563]
 [-1.58641564 -3.08083002]
 [-0.7397433  -2.22561782]
 [-0.60603321 -1.02963975]
 [-1.24293697 -0.00856407]
 [-2.37584164  0.39735338]
 [-3.51627421  0.0130937 ]]
Etiqueta: [0 1 0]

Trayectoria 136
Datos: [[2.432308   1.80493843]
 [3.03834635 2.21400064]
 [3.26001742 2.91076194]
 [3.0017436  3.59480068]
 [2.37488446 3.9711808 ]
 [1.64972202 3.87761897]
 [1.13892362 3.35445612]
 [1.06272951 2.62726369]
 [1.45399221 2.00958427]
 [2.1440115  1.76774187]]
Etiqueta: [0 1 0]

Trayectoria 137
Datos: [[-3.14507995  0.05934043]
 [-3.7837137  -0.54665243]
 [-3.90880974 -1.41810604]
 [-3.46643057 -2.17927691]
 [-2.64731623 -2.501972  ]
 [-1.80464317 -2.2470553 ]
 [-1.3017456  -1.52443891]
 [-1.35545721 -0.64569237]
 [-1.94261922  0.01029634]
 [-2.81006578  0.16068544]]
Etiqueta: [0 1 0]

Trayectoria 138
Datos: [[-0.0414676  -1.72318804]
 [ 0.72900614 -3.12001648]
 [ 2.19974038 -3.73783543]
 [ 3.73660059 -3.31026072]
 [ 4.67694081 -2.02164917]
 [ 4.61531579 -0.4276097 ]
 [ 3.57829631  0.7845578 ]
 [ 2.01301268  1.09220469]
 [ 0.59436616  0.36268326]
 [-0.06596732 -1.08945969]]
Etiqueta: [0 1 0]

Trayectoria 139
Datos: [[ 0.10048624 -0.4060779 ]
 [ 1.47927454  0.73267234]
 [ 1.85452436  2.48109931]
 [ 1.06443974  4.08533606]
 [-0.55031959  4.85368598]
 [-2.29351999  4.45486065]
 [-3.41354807  3.06082106]
 [-3.4274828   1.2726334 ]
 [-2.32931597 -0.13869183]
 [-0.59254272 -0.56463541]]
Etiqueta: [0 1 0]

Trayectoria 140
Datos: [[-1.23349382  2.04950863]
 [-2.86481891  1.26789447]
 [-3.65967101 -0.35702164]
 [-3.27533482 -2.12462677]
 [-1.87752405 -3.27278498]
 [-0.06893091 -3.30644641]
 [ 1.37063589 -2.21109732]
 [ 1.82048026 -0.45901791]
 [ 1.08664339  1.19435007]
 [-0.51446725  2.03612614]]
Etiqueta: [0 1 0]

Trayectoria 141
Datos: [[-1.10654052  0.80414825]
 [-0.56114606 -0.13952534]
 [ 0.45196975 -0.5414847 ]
 [ 1.49598312 -0.22841753]
 [ 2.12074819  0.66469141]
 [ 2.05688584  1.75276152]
 [ 1.33193151  2.56665106]
 [ 0.2584628   2.75543637]
 [-0.70067422  2.23771912]
 [-1.13192972  1.23672278]]
Etiqueta: [0 1 0]

Trayectoria 142
Datos: [[-3.16573581  3.77057775]
 [-3.61857529  2.85511392]
 [-3.40598652  1.85614263]
 [-2.6196311   1.204389  ]
 [-1.59856086  1.18086878]
 [-0.7830293   1.79572316]
 [-0.52466807  2.78384618]
 [-0.93487444  3.71919016]
 [-1.83678028  4.19846408]
 [-2.84151204  4.01502004]]
Etiqueta: [0 1 0]

Trayectoria 143
Datos: [[ 0.18506223  0.79370873]
 [-1.72458741  0.6212661 ]
 [-3.11559146 -0.69843308]
 [-3.38819256 -2.59637587]
 [-2.42485365 -4.2542288 ]
 [-0.6409363  -4.95717763]
 [ 1.19439024 -4.40213285]
 [ 2.28979065 -2.82841237]
 [ 2.17296259 -0.91455517]
 [ 0.89427867  0.5142435 ]]
Etiqueta: [0 1 0]

Trayectoria 144
Datos: [[-3.98782911  0.88443619]
 [-4.4132385  -0.26282744]
 [-4.03536267 -1.42661302]
 [-3.01712983 -2.10513265]
 [-1.79757009 -2.00582993]
 [-0.90251939 -1.17152109]
 [-0.71789555  0.03806605]
 [-1.3233026   1.1013954 ]
 [-2.45770797  1.55999267]
 [-3.63199162  1.21612507]]
Etiqueta: [0 1 0]

Trayectoria 145
Datos: [[-4.72791567 -2.37938367]
 [-3.39285795 -3.40591386]
 [-1.7089273  -3.38309003]
 [-0.40218187 -2.32075311]
 [-0.03604934 -0.6769495 ]
 [-0.76839459  0.83956419]
 [-2.2834533   1.57491477]
 [-3.9279796   1.2120421 ]
 [-4.9929053  -0.09259448]
 [-5.01906778 -1.77647656]]
Etiqueta: [0 1 0]

Trayectoria 146
Datos: [[ 0.77357056  0.66665384]
 [ 2.54857762 -0.12016441]
 [ 4.42893356  0.36356539]
 [ 5.60388782  1.90927412]
 [ 5.56683694  3.8505006 ]
 [ 4.33375609  5.35024878]
 [ 2.4363111   5.76187425]
 [ 0.69262081  4.90789698]
 [-0.14549016  3.15652523]
 [ 0.28334538  1.26289563]]
Etiqueta: [0 1 0]

Trayectoria 147
Datos: [[-3.24496556  0.6230346 ]
 [-1.89120808 -0.5754782 ]
 [-0.08593934 -0.67596199]
 [ 1.39246536  0.36490871]
 [ 1.90656422  2.09834304]
 [ 1.23469391  3.77693845]
 [-0.33345612  4.67693718]
 [-2.12174873  4.41028797]
 [-3.35912816  3.09196161]
 [-3.51207517  1.29037912]]
Etiqueta: [0 1 0]

Trayectoria 148
Datos: [[-0.79082519  0.35513588]
 [-0.84039538 -1.36508012]
 [ 0.18766    -2.74518969]
 [ 1.85007569 -3.19013282]
 [ 3.43007011 -2.50806397]
 [ 4.24639918 -0.99306987]
 [ 3.94708738  0.7016315 ]
 [ 2.66118858  1.845338  ]
 [ 0.94314205  1.94491922]
 [-0.46628436  0.95743886]]
Etiqueta: [0 1 0]

Trayectoria 149
Datos: [[ 4.39917174e+00  6.68473912e-01]
 [ 4.92825954e+00  2.53021923e+00]
 [ 4.18856377e+00  4.31876045e+00]
 [ 2.49901809e+00  5.26293464e+00]
 [ 5.88101643e-01  4.95564346e+00]
 [-7.20258255e-01  3.52938125e+00]
 [-8.61937811e-01  1.59910758e+00]
 [ 2.24150761e-01 -2.90400954e-03]
 [ 2.06972010e+00 -5.85916317e-01]
 [ 3.87901852e+00  1.01447300e-01]]
Etiqueta: [0 1 0]

Trayectoria 150
Datos: [[ 0.40670344  5.41150795]
 [-1.24683875  4.84029814]
 [-2.18961856  3.36664667]
 [-2.01513886  1.62594588]
 [-0.79862984  0.36873141]
 [ 0.93538792  0.13707475]
 [ 2.4392603   1.030859  ]
 [ 3.06456464  2.66471239]
 [ 2.5416893   4.33416853]
 [ 1.09608174  5.31941023]]
Etiqueta: [0 1 0]

Trayectoria 151
Datos: [[ 0.11239628  2.0333756 ]
 [ 0.0737501   0.50418449]
 [ 0.99189403 -0.71930671]
 [ 2.47095318 -1.10956691]
 [ 3.87320357 -0.49832816]
 [ 4.59403878  0.85086256]
 [ 4.32265724  2.35627647]
 [ 3.17607017  3.36882627]
 [ 1.64864999  3.45193219]
 [ 0.39897244  2.56976158]]
Etiqueta: [0 1 0]

Trayectoria 152
Datos: [[ 1.78642159  0.6050896 ]
 [ 2.6377147   1.29230442]
 [ 2.87924733  2.35936869]
 [ 2.40687817  3.34619772]
 [ 1.42427802  3.82730176]
 [ 0.35511326  3.59524382]
 [-0.33962575  2.75008   ]
 [-0.36038931  1.65621848]
 [ 0.30177516  0.78529806]
 [ 1.3613631   0.51283235]]
Etiqueta: [0 1 0]

Trayectoria 153
Datos: [[-0.90561066  0.28249447]
 [-0.28265449 -0.92130715]
 [ 0.95264258 -1.47920847]
 [ 2.26765915 -1.15065992]
 [ 3.09540127 -0.07732135]
 [ 3.07897249  1.27801729]
 [ 2.22545636  2.33097643]
 [ 0.90286232  2.62755308]
 [-0.31854854  2.03987269]
 [-0.91214211  0.82132462]]
Etiqueta: [0 1 0]

Trayectoria 154
Datos: [[ 1.11040554  2.21059438]
 [ 1.03588163  2.97839552]
 [ 0.5012064   3.53444839]
 [-0.26308496  3.63900041]
 [-0.92745395  3.24697203]
 [-1.20544548  2.5273936 ]
 [-0.97719831  1.7905248 ]
 [-0.34112547  1.35408036]
 [ 0.42851836  1.40624146]
 [ 0.99988688  1.92451786]]
Etiqueta: [0 1 0]

Trayectoria 155
Datos: [[-5.32354582  4.20174782]
 [-5.88989521  2.31588592]
 [-5.16447007  0.48531631]
 [-3.46005098 -0.50067674]
 [-1.51153006 -0.21696393]
 [-0.15904849  1.21412667]
 [ 0.01424607  3.17555363]
 [-1.06636558  4.8216111 ]
 [-2.93495755  5.44257066]
 [-4.78585153  4.77069401]]
Etiqueta: [0 1 0]

Trayectoria 156
Datos: [[3.2837344  1.01673502]
 [3.2212109  1.72353069]
 [2.73378674 2.23917299]
 [2.03162393 2.34133313]
 [1.41747308 1.98596284]
 [1.1561368  1.32628667]
 [1.3602951  0.64673631]
 [1.94192132 0.24031259]
 [2.65023646 0.28225268]
 [3.17983721 0.75447333]]
Etiqueta: [0 1 0]

Trayectoria 157
Datos: [[ 1.51168734 -2.01908275]
 [ 2.40397692 -0.26466412]
 [ 2.01575014  1.66495901]
 [ 0.51439822  2.93779359]
 [-1.45274292  3.00503323]
 [-3.03750366  1.8376863 ]
 [-3.55658481 -0.06092377]
 [-2.78617485 -1.87217581]
 [-1.05845041 -2.81511468]
 [ 0.88164786 -2.48317468]]
Etiqueta: [0 1 0]

Trayectoria 158
Datos: [[-2.61392591  2.14553267]
 [-3.23121144  0.45186127]
 [-2.66494475 -1.25954351]
 [-1.15928232 -2.25077752]
 [ 0.6365814  -2.09445174]
 [ 1.94832623 -0.85796892]
 [ 2.2103689   0.92553827]
 [ 1.30972482  2.48707741]
 [-0.3652765   3.15336175]
 [-2.09242698  2.63711035]]
Etiqueta: [0 1 0]

Trayectoria 159
Datos: [[ 0.29591894 -1.06908519]
 [ 1.49897008 -2.16471999]
 [ 3.12221383 -2.27797807]
 [ 4.46575834 -1.3600261 ]
 [ 4.95030931  0.19334379]
 [ 4.36694354  1.71236718]
 [ 2.96719008  2.54208876]
 [ 1.35457876  2.32475859]
 [ 0.22441707  1.15408263]
 [ 0.06399531 -0.46518033]]
Etiqueta: [0 1 0]

Trayectoria 160
Datos: [[ 3.65237482 -0.25947488]
 [ 2.61693601 -0.1163512 ]
 [ 1.7159512  -0.64629864]
 [ 1.33789681 -1.62082047]
 [ 1.64577805 -2.61973341]
 [ 2.50684618 -3.21233749]
 [ 3.54983559 -3.14312041]
 [ 4.32504193 -2.44192639]
 [ 4.49822051 -1.41108834]
 [ 3.99470215 -0.49507132]]
Etiqueta: [0 1 0]

Trayectoria 161
Datos: [[-0.56573409 -0.27085403]
 [-1.0578978  -0.85616376]
 [-1.08092886 -1.62054728]
 [-0.624897   -2.23442637]
 [ 0.11357114 -2.43311559]
 [ 0.81607123 -2.13094638]
 [ 1.17970723 -1.45820464]
 [ 1.0476907  -0.70495552]
 [ 0.47694303 -0.19597645]
 [-0.28644727 -0.15072325]]
Etiqueta: [0 1 0]

Trayectoria 162
Datos: [[-0.66231207 -0.02009541]
 [-0.55440884  1.27773276]
 [-1.27472696  2.36269492]
 [-2.51268781  2.76698937]
 [-3.73452146  2.31629702]
 [-4.41341153  1.20494228]
 [-4.25664187 -0.0878935 ]
 [-3.33180667 -1.00478004]
 [-2.03766588 -1.15038458]
 [-0.93221246 -0.46192701]]
Etiqueta: [0 1 0]

Trayectoria 163
Datos: [[ 0.09201534  4.366656  ]
 [-1.20187681  4.16899818]
 [-2.09423168  3.21143446]
 [-2.20029381  1.90683632]
 [-1.47433254  0.8177056 ]
 [-0.22935963  0.41364135]
 [ 0.99783162  0.86886341]
 [ 1.67811479  1.98709429]
 [ 1.51817308  3.28618787]
 [ 0.58696835  4.2060157 ]]
Etiqueta: [0 1 0]

Trayectoria 164
Datos: [[-5.42503191e-01 -2.63268800e+00]
 [ 3.94559619e-01 -2.85099003e+00]
 [ 1.26500504e+00 -2.44102996e+00]
 [ 1.69352427e+00 -1.57956971e+00]
 [ 1.49535324e+00 -6.38043962e-01]
 [ 7.55937106e-01 -2.24091171e-02]
 [-2.05911077e-01  1.89236648e-03]
 [-9.75472501e-01 -5.75617549e-01]
 [-1.22093639e+00 -1.50593468e+00]
 [-8.36466408e-01 -2.38793543e+00]]
Etiqueta: [0 1 0]

Trayectoria 165
Datos: [[-2.20810988  0.00935259]
 [-3.48559384 -0.03716968]
 [-4.45881751 -0.86600336]
 [-4.70815733 -2.11978135]
 [-4.12610579 -3.25791385]
 [-2.96362527 -3.78967379]
 [-1.72194096 -3.48578294]
 [-0.93642822 -2.47726952]
 [-0.94577554 -1.19897291]
 [-1.74595265 -0.20205457]]
Etiqueta: [0 1 0]

Trayectoria 166
Datos: [[ 3.68475464 -2.23087319]
 [ 4.08790832 -0.53639328]
 [ 3.3531718   1.04283353]
 [ 1.79734044  1.82589412]
 [ 0.09123999  1.47515728]
 [-1.02951249  0.14184976]
 [-1.08168365 -1.59914801]
 [-0.04277892 -2.99717235]
 [ 1.63925854 -3.44943894]
 [ 3.23918686 -2.76094462]]
Etiqueta: [0 1 0]

Trayectoria 167
Datos: [[-2.32336702 -0.79572273]
 [-2.07530713 -2.55152282]
 [-0.79171553 -3.77494437]
 [ 0.97396329 -3.93848633]
 [ 2.46042394 -2.97163453]
 [ 3.02675116 -1.29126519]
 [ 2.4287624   0.3780991 ]
 [ 0.92429167  1.31668074]
 [-0.83798038  1.11979274]
 [-2.09821726 -0.12767296]]
Etiqueta: [0 1 0]

Trayectoria 168
Datos: [[ 0.08310434  0.26301809]
 [ 1.30347324  0.86582283]
 [ 1.88686883  2.09558841]
 [ 1.58174921  3.42207845]
 [ 0.5196724   4.273352  ]
 [-0.84142736  4.28236657]
 [-1.91468649  3.44523537]
 [-2.23734928  2.12290314]
 [-1.67029364  0.88551811]
 [-0.45801621  0.26660194]]
Etiqueta: [0 1 0]

Trayectoria 169
Datos: [[ 0.00523394 -1.50884351]
 [ 0.77112154 -1.4850334 ]
 [ 1.35712789 -0.99132571]
 [ 1.51058542 -0.24059173]
 [ 1.16532805  0.44347558]
 [ 0.47021994  0.76592781]
 [-0.27503007  0.58773368]
 [-0.74909353 -0.0142751 ]
 [-0.74756912 -0.7805312 ]
 [-0.27111412 -1.38064899]]
Etiqueta: [0 1 0]

Trayectoria 170
Datos: [[-1.38143259 -3.78458642]
 [-0.36845541 -4.54555604]
 [ 0.89812013 -4.51418812]
 [ 1.87218632 -3.70400754]
 [ 2.13375636 -2.46433877]
 [ 1.57004942 -1.32968816]
 [ 0.42411829 -0.78928149]
 [-0.80994744 -1.07612519]
 [-1.60005729 -2.06654125]
 [-1.60554064 -3.33349329]]
Etiqueta: [0 1 0]

Trayectoria 171
Datos: [[ 2.39260928 -3.60096731]
 [ 3.86582992 -2.46434216]
 [ 4.316472   -0.65901186]
 [ 3.55023279  1.03662172]
 [ 1.89749062  1.89145451]
 [ 0.07085613  1.53690939]
 [-1.1420831   0.12585511]
 [-1.21834569 -1.73330594]
 [-0.1250496  -3.23896176]
 [ 1.66641016 -3.74192072]]
Etiqueta: [0 1 0]

Trayectoria 172
Datos: [[ 0.08318731  0.23238485]
 [-0.27653434  2.09107765]
 [-1.71153287  3.32595327]
 [-3.60308189  3.40457202]
 [-5.13560471  2.29303597]
 [-5.64832551  0.47060463]
 [-4.92017514 -1.27694669]
 [-3.26510923 -2.19612862]
 [-1.39674035 -1.89061871]
 [-0.12065062 -0.49214326]]
Etiqueta: [0 1 0]

Trayectoria 173
Datos: [[ 3.22065534  2.29706897]
 [ 1.73453903  2.08221666]
 [ 0.70206513  0.99194107]
 [ 0.56840406 -0.50366514]
 [ 1.39118627 -1.75974342]
 [ 2.81565385 -2.23471217]
 [ 4.22762101 -1.72377975]
 [ 5.01829176 -0.44724421]
 [ 4.84675362  1.04449232]
 [ 3.78696848  2.10823979]]
Etiqueta: [0 1 0]

Trayectoria 174
Datos: [[-0.30958091 -2.90091787]
 [ 0.52869158 -2.95739745]
 [ 1.22127629 -2.48177457]
 [ 1.4695524  -1.67912291]
 [ 1.16647102 -0.89552072]
 [ 0.44271135 -0.46883272]
 [-0.38966411 -0.5830334 ]
 [-0.97176115 -1.18888301]
 [-1.05259776 -2.02515817]
 [-0.59731972 -2.73128325]]
Etiqueta: [0 1 0]

Trayectoria 175
Datos: [[ 2.91865165  3.7557174 ]
 [ 1.46521512  3.3866795 ]
 [ 0.55400715  2.19572748]
 [ 0.57791205  0.69636253]
 [ 1.52662278 -0.46493615]
 [ 2.99108501 -0.78745297]
 [ 4.33986849 -0.13212876]
 [ 4.99142005  1.2184812 ]
 [ 4.66481107  2.68203621]
 [ 3.50086511  3.6274972 ]]
Etiqueta: [0 1 0]

Trayectoria 176
Datos: [[-0.84499122  3.77355209]
 [-2.23694799  3.92658505]
 [-3.42373715  3.18328552]
 [-3.89365241  1.86414096]
 [-3.44408102  0.53792518]
 [-2.26886409 -0.22353913]
 [-0.87471833 -0.0919324 ]
 [ 0.13724428  0.87600065]
 [ 0.33069717  2.26291763]
 [-0.37777049  3.47082338]]
Etiqueta: [0 1 0]

Trayectoria 177
Datos: [[1.25316441 2.4185886 ]
 [1.76648346 1.68412558]
 [2.624679   1.42637998]
 [3.45772399 1.75648362]
 [3.90643554 2.53210616]
 [3.77734328 3.41882346]
 [3.12610776 4.0343108 ]
 [2.23352132 4.11318932]
 [1.48443927 3.62144908]
 [1.20184233 2.77111306]]
Etiqueta: [0 1 0]

Trayectoria 178
Datos: [[ 0.25064985 -4.41498424]
 [ 0.91481763 -3.15948873]
 [ 0.65709837 -1.76271795]
 [-0.41138746 -0.82691571]
 [-1.82994225 -0.75557061]
 [-2.98692961 -1.57944442]
 [-3.38349285 -2.94330857]
 [-2.84864631 -4.25910756]
 [-1.61299907 -4.9595101 ]
 [-0.20932351 -4.74252455]]
Etiqueta: [0 1 0]

Trayectoria 179
Datos: [[-1.45455078  1.82491632]
 [-0.31504366  0.44191101]
 [ 1.43659256  0.06382274]
 [ 3.04510721  0.85367134]
 [ 3.81695917  2.47089882]
 [ 3.41935006  4.21820737]
 [ 2.02371647  5.34221228]
 [ 0.23181187  5.35827786]
 [-1.1837506   4.25947712]
 [-1.61262477  2.51957852]]
Etiqueta: [0 1 0]

Trayectoria 180
Datos: [[ 1.09304381 -3.2082824 ]
 [ 0.88056548 -1.92566927]
 [-0.08162804 -1.05135403]
 [-1.37866904 -0.96231404]
 [-2.45131409 -1.69694054]
 [-2.83707224 -2.9384856 ]
 [-2.36961667 -4.15163389]
 [-1.25049957 -4.81331387]
 [ 0.03775083 -4.63822987]
 [ 0.93968131 -3.70187263]]
Etiqueta: [0 1 0]

Trayectoria 181
Datos: [[1.085732   1.22134366]
 [2.10762712 1.28215898]
 [2.87149784 1.96367909]
 [3.04798703 2.97205388]
 [2.56099809 3.87250372]
 [1.62050539 4.27678285]
 [0.63201992 4.01057879]
 [0.02174563 3.18867037]
 [0.0528137  2.16543877]
 [0.71182853 1.38206939]]
Etiqueta: [0 1 0]

Trayectoria 182
Datos: [[-0.33707302  4.17284596]
 [-1.13955133  3.00207911]
 [-1.04287674  1.58598572]
 [-0.08873229  0.53514089]
 [ 1.31148482  0.302636  ]
 [ 2.55404484  0.98871987]
 [ 3.10319482  2.29757463]
 [ 2.72215849  3.66486311]
 [ 1.57522678  4.50105336]
 [ 0.15692071  4.44560634]]
Etiqueta: [0 1 0]

Trayectoria 183
Datos: [[-0.69533078  1.55711922]
 [-1.66477382  1.22375241]
 [-2.21845421  0.36097128]
 [-2.11764229 -0.65921997]
 [-1.40580503 -1.39694685]
 [-0.38986433 -1.53412463]
 [ 0.49213799 -1.01160656]
 [ 0.85991018 -0.05468605]
 [ 0.55488038  0.92404275]
 [-0.29143211  1.50258264]]
Etiqueta: [0 1 0]

Trayectoria 184
Datos: [[ 2.39810651  0.88803539]
 [ 2.3913844   1.93161849]
 [ 1.73884419  2.74605214]
 [ 0.72184077  2.98017805]
 [-0.22112584  2.53304848]
 [-0.68347798  1.59745167]
 [-0.46586391  0.57678767]
 [ 0.33788802 -0.08886519]
 [ 1.38122515 -0.11249824]
 [ 2.2142932   0.51607833]]
Etiqueta: [0 1 0]

Trayectoria 185
Datos: [[ 0.19688633 -2.86495493]
 [ 0.03373969 -2.22572762]
 [-0.49070655 -1.82549704]
 [-1.15032761 -1.83683008]
 [-1.66071555 -2.25484029]
 [-1.80180708 -2.89929476]
 [-1.51276795 -3.49232491]
 [-0.91822278 -3.77823473]
 [-0.27452083 -3.63374885]
 [ 0.14079381 -3.12116507]]
Etiqueta: [0 1 0]

Trayectoria 186
Datos: [[-1.95586406  3.37226878]
 [-2.93531413  3.28139887]
 [-3.64724937  2.60262938]
 [-3.7847056   1.62862447]
 [-3.288416    0.77934452]
 [-2.3723651   0.42097245]
 [-1.43152535  0.70802706]
 [-0.87155736  1.51673941]
 [-0.9339018   2.49841805]
 [-1.5916777   3.22979393]]
Etiqueta: [0 1 0]

Trayectoria 187
Datos: [[-1.2329757  -2.25355284]
 [-0.99296699 -3.29675672]
 [-0.15766832 -3.96620027]
 [ 0.91276569 -3.9732404 ]
 [ 1.75679743 -3.31484162]
 [ 2.01050686 -2.27488487]
 [ 1.56450242 -1.3017669 ]
 [ 0.61108726 -0.81506571]
 [-0.43865589 -1.02463159]
 [-1.13211066 -1.84010631]]
Etiqueta: [0 1 0]

Trayectoria 188
Datos: [[ 3.23710989  2.48528358]
 [ 2.22841194  2.66745956]
 [ 1.32418146  2.18473099]
 [ 0.9142943   1.2452353 ]
 [ 1.17548095  0.2540536 ]
 [ 1.99512593 -0.36144762]
 [ 3.01982399 -0.33588351]
 [ 3.80775743  0.31972348]
 [ 4.01919405  1.32269616]
 [ 3.56296898  2.24058413]]
Etiqueta: [0 1 0]

Trayectoria 189
Datos: [[-1.03000397  1.99374333]
 [-1.87889411  0.97772769]
 [-1.91460788 -0.34576268]
 [-1.12174661 -1.40608021]
 [ 0.15783275 -1.74604919]
 [ 1.37241567 -1.21908565]
 [ 1.99831205 -0.05239976]
 [ 1.76565498  1.25097008]
 [ 0.7747589   2.12905163]
 [-0.54713285  2.20324363]]
Etiqueta: [0 1 0]

Trayectoria 190
Datos: [[ 1.16815479  1.62111736]
 [ 0.55488752  1.27806026]
 [ 0.28660725  0.62859076]
 [ 0.47898803 -0.04726023]
 [ 1.04908131 -0.45808694]
 [ 1.75108071 -0.42675376]
 [ 2.28230609  0.03322941]
 [ 2.41370971  0.72353225]
 [ 2.08863444  1.3465178 ]
 [ 1.44724256  1.63357421]]
Etiqueta: [0 1 0]

Trayectoria 191
Datos: [[-0.85834032 -0.36608256]
 [-2.03146834 -1.2067316 ]
 [-2.43028797 -2.59376551]
 [-1.88284068 -3.92913872]
 [-0.62516859 -4.63708015]
 [ 0.80045951 -4.41234763]
 [ 1.77935743 -3.35183877]
 [ 1.88945506 -1.91281179]
 [ 1.08328176 -0.71573001]
 [-0.29156581 -0.27673761]]
Etiqueta: [0 1 0]

Trayectoria 192
Datos: [[-4.98566006 -3.20173751]
 [-3.68626196 -4.64213641]
 [-1.77360723 -4.96607505]
 [-0.07237265 -4.03388125]
 [ 0.68392272 -2.24748777]
 [ 0.16918802 -0.3771315 ]
 [-1.39463928  0.77074852]
 [-3.33328584  0.7012224 ]
 [-4.81086801 -0.55573238]
 [-5.19029864 -2.45815631]]
Etiqueta: [0 1 0]

Trayectoria 193
Datos: [[-2.65291191  0.06520973]
 [-3.92352201 -0.41795078]
 [-4.62053518 -1.58502693]
 [-4.44342117 -2.93281205]
 [-3.46854601 -3.88018342]
 [-2.11624531 -4.01866419]
 [-0.96958878 -3.28854578]
 [-0.52297877 -2.00463239]
 [-0.96897955 -0.72050724]
 [-2.11528953  0.01015514]]
Etiqueta: [0 1 0]

Trayectoria 194
Datos: [[ 2.27023405  1.2846646 ]
 [ 0.73456627  0.63615796]
 [-0.06780876 -0.82501647]
 [ 0.20906795 -2.46884606]
 [ 1.44581582 -3.58656297]
 [ 3.10918792 -3.69624271]
 [ 4.48199032 -2.75059479]
 [ 4.97231363 -1.15735299]
 [ 4.3687458   0.39652676]
 [ 2.93152637  1.24106019]]
Etiqueta: [0 1 0]

Trayectoria 195
Datos: [[-0.42618907  0.77090305]
 [ 0.09291756 -0.47526685]
 [ 1.27303172 -1.13081369]
 [ 2.60532518 -0.91308621]
 [ 3.51535472  0.08403832]
 [ 3.61074413  1.43063105]
 [ 2.85036447  2.54608337]
 [ 1.56206764  2.9494472 ]
 [ 0.30132686  2.46680468]
 [-0.38826594  1.30625616]]
Etiqueta: [0 1 0]

Trayectoria 196
Datos: [[-1.23927061  2.18738831]
 [-1.23537024  3.36227146]
 [-1.96101495  4.28628735]
 [-3.10332948  4.56102929]
 [-4.16978359  4.06803716]
 [-4.70055568  3.01987371]
 [-4.46679346  1.8684742 ]
 [-3.56928787  1.11028601]
 [-2.3950152   1.07221614]
 [-1.45028504  1.77067913]]
Etiqueta: [0 1 0]

Trayectoria 197
Datos: [[ 1.17407516 -3.98624706]
 [ 1.877636   -3.12457014]
 [ 1.89507754 -2.01228386]
 [ 1.21887953 -1.12897121]
 [ 0.14059737 -0.85548894]
 [-0.87484746 -1.30975404]
 [-1.38962696 -2.29590161]
 [-1.18178434 -3.38873574]
 [-0.34093482 -4.11706057]
 [ 0.77037362 -4.16684526]]
Etiqueta: [0 1 0]

Trayectoria 198
Datos: [[ 1.51854708  5.35702467]
 [-0.41206363  5.38819462]
 [-1.94579761  4.21521153]
 [-2.42135683  2.34382896]
 [-1.63369505  0.58092846]
 [ 0.07757265 -0.31338252]
 [ 1.97460125  0.0464949 ]
 [ 3.23945145  1.50539286]
 [ 3.32675947  3.43428025]
 [ 2.19888083  5.00148127]]
Etiqueta: [0 1 0]

Trayectoria 199
Datos: [[ 3.49948918 -2.81592765]
 [ 3.96731821 -1.70236518]
 [ 3.64361968 -0.53870517]
 [ 2.66796223  0.17331865]
 [ 1.4610188   0.12670392]
 [ 0.54318559 -0.65845056]
 [ 0.31020351 -1.84361077]
 [ 0.86252714 -2.91777276]
 [ 1.96201183 -3.41779153]
 [ 3.13459424 -3.12807466]]
Etiqueta: [0 1 0]

Trayectoria 200
Datos: [[ 0.74590068 -2.82648027]
 [ 1.85593346 -2.66120138]
 [ 2.62414871 -1.8430723 ]
 [ 2.71931611 -0.72484467]
 [ 2.10040244  0.2113368 ]
 [ 1.03426389  0.56181998]
 [-0.019414    0.17548751]
 [-0.60631833 -0.78108615]
 [-0.47339435 -1.89545642]
 [ 0.32204529 -2.68714173]]
Etiqueta: [0 1 0]

Trayectoria 201
Datos: [[-3.16181745  0.34090258]
 [-2.1841701  -0.17358493]
 [-1.55688974 -0.18441706]
 [-0.02842434 -0.52335921]
 [ 0.24807708 -2.33727539]
 [ 0.33505592 -4.30950782]
 [-0.36796074 -5.7441943 ]
 [ 0.17742556 -5.72040352]
 [-0.04999852 -5.3671438 ]
 [-1.96244482 -3.53778819]]
Etiqueta: [0 0 1]

Trayectoria 202
Datos: [[ 4.2521915   1.26301221]
 [ 0.51096465  0.54715434]
 [-0.19450472  1.98744618]
 [-3.44527919  2.15379054]
 [-1.91555036 -0.2221068 ]
 [-2.91080836  0.20896868]
 [-2.38164052 -1.14712677]
 [-2.58133003 -3.7001316 ]
 [-2.31012927 -5.0067419 ]
 [-1.81852865 -5.77444544]]
Etiqueta: [0 0 1]

Trayectoria 203
Datos: [[-2.3596514  -1.08158063]
 [-3.70595875 -1.88393686]
 [-3.56210257 -2.65144634]
 [-4.30026644 -1.72452604]
 [-4.92231123 -1.66793583]
 [-4.87699223 -1.88268761]
 [-6.57437712 -2.54713291]
 [-4.09224436 -2.78152092]
 [-4.20148661 -3.97784331]
 [-4.31410876 -3.52533222]]
Etiqueta: [0 0 1]

Trayectoria 204
Datos: [[ 5.99609345  4.56194269]
 [ 6.14489309  2.83606452]
 [ 8.8460135   1.04256487]
 [10.41872892  2.85902781]
 [11.19373368  1.44442423]
 [10.76601774  1.39752915]
 [12.1519702   2.38413698]
 [11.51270825  4.18726755]
 [13.07485412  5.90856315]
 [15.96638882  4.03597928]]
Etiqueta: [0 0 1]

Trayectoria 205
Datos: [[-3.36155831 -0.81537251]
 [-3.03121294  0.2174525 ]
 [-1.62921575 -1.56009025]
 [-2.24871456 -1.26672963]
 [-3.20454911  0.80887262]
 [-2.11613951  0.75611236]
 [-2.71739436  0.85480459]
 [-3.00746385  1.49601241]
 [-3.24465497  0.1432994 ]
 [-4.62660493  0.17019421]]
Etiqueta: [0 0 1]

Trayectoria 206
Datos: [[ -5.49399668  -5.91688361]
 [ -6.17905609  -6.34984625]
 [ -6.43085509  -8.22898671]
 [ -7.09388644  -9.1048135 ]
 [ -6.28003692  -8.946653  ]
 [ -6.22030491 -10.57046842]
 [ -6.25383186 -11.45358996]
 [ -6.65004176 -11.05167187]
 [ -4.37221009 -11.3340191 ]
 [ -3.50292159 -10.87169635]]
Etiqueta: [0 0 1]

Trayectoria 207
Datos: [[-1.93012451  6.0358687 ]
 [ 0.18003356  5.12581795]
 [ 1.28921992  5.96026652]
 [ 2.93934171  4.81487956]
 [ 2.15278427  5.32154191]
 [ 1.12436941  8.37640606]
 [ 0.76713157  7.79136272]
 [-1.67358961  9.12856866]
 [-4.42517309  8.56238065]
 [-4.28368973  7.83310413]]
Etiqueta: [0 0 1]

Trayectoria 208
Datos: [[-1.78553442  1.3233905 ]
 [-0.65665546  3.05644997]
 [-2.27524734  2.1493885 ]
 [-0.98438012  2.72668753]
 [ 0.05958852  4.65421721]
 [ 1.68549006  2.52311704]
 [ 0.58946061  4.04450307]
 [ 0.27840041  5.37971216]
 [-1.17363499  6.43936576]
 [-2.00188555  6.16735262]]
Etiqueta: [0 0 1]

Trayectoria 209
Datos: [[ -4.31888383  -2.77488979]
 [ -6.05626069  -2.99942781]
 [ -6.055849    -2.68434375]
 [ -6.79377293  -4.47429119]
 [ -8.93439952  -3.93338818]
 [-10.27875522  -2.53378469]
 [-10.84290161  -3.14603097]
 [-11.23387942  -4.12566842]
 [-11.14353238  -4.44963132]
 [ -9.97641647  -5.03153409]]
Etiqueta: [0 0 1]

Trayectoria 210
Datos: [[-0.96641648  0.81102736]
 [-2.05218514  1.94274665]
 [-2.78964016  2.92607342]
 [-4.23105183  2.66416201]
 [-3.60239749  2.23308789]
 [-1.57060551  1.13590083]
 [-0.74664437  1.45017702]
 [-0.47012608  1.13761492]
 [ 1.96645114  1.77058905]
 [ 4.17848221  1.35919925]]
Etiqueta: [0 0 1]

Trayectoria 211
Datos: [[-2.37337162 -4.27326411]
 [-1.7719417  -4.57980792]
 [-0.50341161 -5.16638937]
 [ 0.77321725 -2.97338016]
 [-0.48793279 -2.35063764]
 [-0.26787189 -1.5023989 ]
 [-1.33510145  0.41100001]
 [ 0.6221555   1.9269294 ]
 [ 1.90492152  1.63365629]
 [ 0.65166038  1.16142049]]
Etiqueta: [0 0 1]

Trayectoria 212
Datos: [[ 3.71359905 -3.55455106]
 [ 3.25172341 -4.56554413]
 [ 1.48498655 -4.07279136]
 [ 1.06242813 -3.6781228 ]
 [-0.92348058 -4.83207421]
 [ 1.16052768 -2.45248563]
 [-0.0266131  -2.82029072]
 [ 1.4779715  -2.84015206]
 [ 1.63900215 -2.84537895]
 [ 2.51813882 -3.39513216]]
Etiqueta: [0 0 1]

Trayectoria 213
Datos: [[ 3.53607123e+00  2.46924371e+00]
 [ 1.94376165e+00  2.44541394e+00]
 [ 1.03963132e+00  2.36351640e+00]
 [ 2.58206490e-03  4.47826273e+00]
 [-7.18927095e-01  4.80838667e+00]
 [-1.21310399e+00  5.02095635e+00]
 [-3.48046826e+00  6.12446313e+00]
 [-3.66672594e+00  6.77604001e+00]
 [-3.79926804e+00  7.45359480e+00]
 [-3.45207049e+00  8.27280866e+00]]
Etiqueta: [0 0 1]

Trayectoria 214
Datos: [[5.04372877 5.15604238]
 [5.76300715 4.59198268]
 [4.33052921 2.42060455]
 [3.56808231 2.25572888]
 [3.43195327 2.28987378]
 [2.2723617  1.80517944]
 [2.10839598 1.34994052]
 [2.34901123 0.41686919]
 [4.06823983 0.55505238]
 [3.6940866  0.86152183]]
Etiqueta: [0 0 1]

Trayectoria 215
Datos: [[-3.95130916 -5.81935424]
 [-4.83500334 -8.80071443]
 [-5.19456933 -5.71959022]
 [-5.36742758 -5.77329937]
 [-4.56788413 -5.14797576]
 [-4.64025274 -4.41077437]
 [-4.8610045  -3.43505946]
 [-2.61636474 -4.05266958]
 [-3.37896963 -6.28919241]
 [-2.48084124 -7.90861056]]
Etiqueta: [0 0 1]

Trayectoria 216
Datos: [[ 3.33638675  1.65734768]
 [ 1.55464764  1.09820385]
 [ 1.70817741  1.1395124 ]
 [ 2.2539979   2.42100115]
 [ 2.42291514  0.83619995]
 [ 0.63465662 -1.17891383]
 [-1.16835992 -1.93239965]
 [-1.02872213  0.01167946]
 [-2.50531935  0.77625996]
 [-1.31970562  0.19031418]]
Etiqueta: [0 0 1]

Trayectoria 217
Datos: [[-5.2961223   1.51646109]
 [-2.72649416  1.00360758]
 [-3.86866617  0.08042583]
 [-2.35207215 -0.67543123]
 [-1.43319509  1.70876329]
 [-0.56227442  1.16414026]
 [ 0.42835769  1.52916393]
 [ 0.222586    2.23773133]
 [ 1.79483897  1.71552614]
 [ 0.4631341   0.60237724]]
Etiqueta: [0 0 1]

Trayectoria 218
Datos: [[ 1.49594905 -3.16489125]
 [ 2.12244107 -3.26817395]
 [ 2.52005416 -1.57789766]
 [-0.88756784 -3.7267207 ]
 [ 1.09904695 -3.32517393]
 [-0.2119412  -2.1140741 ]
 [ 0.48948189 -1.99210642]
 [-1.56517347 -2.18436576]
 [-1.11604201 -1.6248592 ]
 [-0.88644483 -2.94608189]]
Etiqueta: [0 0 1]

Trayectoria 219
Datos: [[ 1.69032455  3.47014537]
 [ 0.10985229  5.12860466]
 [-0.12354377  3.2451677 ]
 [ 1.5539796   4.31145929]
 [ 1.85628173  3.32424439]
 [ 1.71187255  2.3936809 ]
 [ 2.70051028  1.74713885]
 [ 3.75978125  3.05669776]
 [ 3.30909193  3.3019707 ]
 [ 3.48055825  7.21652877]]
Etiqueta: [0 0 1]

Trayectoria 220
Datos: [[-2.25569418 -3.45910106]
 [-2.83986485 -1.46609333]
 [-4.09844559 -2.30986116]
 [-3.17130453 -1.31046949]
 [-2.29346934 -0.54725725]
 [-3.56858408 -0.5938883 ]
 [-4.73403009  0.39976496]
 [-4.11013386  0.54457667]
 [-1.6258929   2.27995492]
 [-1.32369435  2.9564814 ]]
Etiqueta: [0 0 1]

Trayectoria 221
Datos: [[-4.21754371 -0.00734448]
 [-5.15895688  1.48633183]
 [-4.82301659  2.26256614]
 [-3.92663261  1.93199754]
 [-4.49776115  1.44264978]
 [-3.03461049  1.89095148]
 [-2.29321258  3.28227184]
 [ 0.09400808  5.07617715]
 [-1.38488959  5.62107085]
 [-1.82527824  6.7954247 ]]
Etiqueta: [0 0 1]

Trayectoria 222
Datos: [[-3.48884098 -5.37124193]
 [-2.46591335 -5.22104081]
 [-1.76972107 -3.84807233]
 [-4.23160032 -3.6231802 ]
 [-2.73051346 -4.70263724]
 [-4.2297704  -6.17065094]
 [-3.00094656 -5.4338055 ]
 [-3.42798332 -3.276694  ]
 [-2.07967152 -3.82723483]
 [-2.85324821 -5.15869228]]
Etiqueta: [0 0 1]

Trayectoria 223
Datos: [[-2.56185323  4.26646472]
 [-1.56597467  6.08137763]
 [-2.25728066  5.91309222]
 [-1.08762941  6.43318346]
 [-0.99316089  6.27953337]
 [-1.47258509  6.57085103]
 [ 0.45641867  6.65337163]
 [ 0.8414447   7.8813637 ]
 [ 1.69238496  9.27124455]
 [ 2.39668716  7.73340566]]
Etiqueta: [0 0 1]

Trayectoria 224
Datos: [[ 1.16292658 -3.18695043]
 [ 2.29131566 -3.27808265]
 [ 1.23972246 -5.3225443 ]
 [ 1.56578282 -6.57534588]
 [ 2.80874036 -5.12244634]
 [ 2.22241661 -4.47008435]
 [ 3.34382082 -6.53799584]
 [ 2.70029086 -7.39630927]
 [ 5.01952032 -8.48330106]
 [ 7.66288829 -8.50156942]]
Etiqueta: [0 0 1]

Trayectoria 225
Datos: [[ 5.87105953 -1.4344369 ]
 [ 6.26085114 -1.1148187 ]
 [ 5.26042311 -2.545916  ]
 [ 4.46231819 -1.19273666]
 [ 4.37117485  0.03177931]
 [ 7.59063616  0.79287664]
 [ 5.38024506  3.35168704]
 [ 5.8034022   4.31026398]
 [ 7.76943659  3.03375155]
 [ 6.85485823  3.46109529]]
Etiqueta: [0 0 1]

Trayectoria 226
Datos: [[ 1.23286449  0.15798901]
 [ 0.93900855  0.18757202]
 [ 0.30223071  0.35993785]
 [-0.88304076 -0.32220741]
 [-0.9441105  -1.23636953]
 [ 0.12850243 -3.26480279]
 [ 0.99299992 -2.75913047]
 [ 1.66474995 -2.40775192]
 [ 0.22572705 -2.38978365]
 [ 1.43007841 -1.30141355]]
Etiqueta: [0 0 1]

Trayectoria 227
Datos: [[-1.98362232 -0.10318341]
 [-2.29219048 -2.06956077]
 [-2.67908316 -1.71653365]
 [-2.43076197 -0.43945496]
 [ 0.49647723 -1.29155812]
 [ 2.05846288 -0.74152211]
 [ 4.77890013 -0.50259112]
 [ 5.5226295   1.7522367 ]
 [ 5.608177    1.24624947]
 [ 5.61374455  1.2022496 ]]
Etiqueta: [0 0 1]

Trayectoria 228
Datos: [[-6.00257729 -1.88941321]
 [-5.64605895 -1.41056442]
 [-5.21919709 -2.61915655]
 [-4.32027584 -2.89824177]
 [-3.60254779 -2.25553812]
 [-5.30302357 -3.20172416]
 [-6.45670457 -2.71117843]
 [-6.79934971 -3.10379528]
 [-7.36781949 -2.99037325]
 [-6.33596135 -4.85961551]]
Etiqueta: [0 0 1]

Trayectoria 229
Datos: [[ -2.23839679  -5.09567453]
 [ -1.84433124  -7.24574392]
 [ -3.29008351  -8.69931642]
 [ -3.0735858  -11.32284628]
 [ -3.22290573 -12.22826216]
 [ -3.77911357 -13.22354202]
 [ -4.88033346 -13.89148554]
 [ -5.627966   -12.46673486]
 [ -5.73814875 -13.78443019]
 [ -3.64483234 -13.12311949]]
Etiqueta: [0 0 1]

Trayectoria 230
Datos: [[ -5.88417075   4.06043176]
 [ -5.68927      3.7459231 ]
 [ -7.67875639   2.92771336]
 [ -8.25393995   4.1734974 ]
 [ -9.17254579   2.06240422]
 [-10.52979311   1.68995779]
 [ -9.94447891   2.39529444]
 [ -8.49375529   3.32720116]
 [ -7.75944287   3.86796654]
 [ -9.37180594   4.36631088]]
Etiqueta: [0 0 1]

Trayectoria 231
Datos: [[ 3.59245546 -4.069274  ]
 [ 5.00539795 -3.81590221]
 [ 5.35504788 -3.11198315]
 [ 5.13409791 -2.25183887]
 [ 3.06341008 -1.80798993]
 [ 2.13066511 -3.10405029]
 [ 2.84473273 -2.1103234 ]
 [ 3.26523873 -1.50772193]
 [ 4.6291338  -2.97215579]
 [ 4.19578286 -0.53898544]]
Etiqueta: [0 0 1]

Trayectoria 232
Datos: [[-4.07761291  3.64834989]
 [-3.77047137  4.76521606]
 [-5.50939866  3.80102919]
 [-5.87221065  3.08245876]
 [-5.17216924  2.5292412 ]
 [-3.48384244  2.26048408]
 [-2.48877666  2.11754891]
 [-2.58662979  3.245207  ]
 [-0.93906872  2.88222475]
 [-0.91930533  4.33184158]]
Etiqueta: [0 0 1]

Trayectoria 233
Datos: [[ 2.60746306  5.75584967]
 [ 1.39897955  7.62050141]
 [ 1.99259222  7.95955337]
 [ 1.5459236   9.4145427 ]
 [ 3.12979633  7.67265308]
 [ 3.93275793  8.5119218 ]
 [ 4.76507906  8.8175359 ]
 [ 4.95863855 10.2243761 ]
 [ 5.30471324 11.29809106]
 [ 5.17918688 10.58860545]]
Etiqueta: [0 0 1]

Trayectoria 234
Datos: [[-3.71397343  5.2368575 ]
 [-3.55032644  6.57529735]
 [-2.97821623  6.77647185]
 [-2.98120618  5.37212068]
 [-1.83921306  5.22324546]
 [-2.11975061  5.31007233]
 [-2.25489973  4.70608128]
 [-3.33157282  4.60493545]
 [-4.14980256  4.5883245 ]
 [-2.05000819  3.73110022]]
Etiqueta: [0 0 1]

Trayectoria 235
Datos: [[-2.15894017 -1.95034648]
 [-0.38538033 -0.96200912]
 [-0.85539714 -1.75303545]
 [-0.21003094 -0.37704069]
 [ 2.07811428 -0.10928016]
 [ 4.25531925 -0.61692334]
 [ 3.67063817 -0.94519359]
 [ 3.09798644 -0.91561766]
 [ 4.93916479 -0.72507314]
 [ 6.63211608 -1.5330551 ]]
Etiqueta: [0 0 1]

Trayectoria 236
Datos: [[6.3641827  5.11997302]
 [8.14145336 5.33385091]
 [6.76111634 5.04867751]
 [5.6573238  4.66766385]
 [6.60044607 5.05011382]
 [6.2684662  3.60433232]
 [5.88643765 5.79814969]
 [6.03206503 5.03000811]
 [5.08067269 4.74107437]
 [6.85128278 4.3427535 ]]
Etiqueta: [0 0 1]

Trayectoria 237
Datos: [[ 3.24482586  2.08627732]
 [ 1.9983921   2.10358633]
 [ 1.33837583  0.59643711]
 [ 1.97910407 -0.19611954]
 [ 2.40364492 -1.94400108]
 [ 2.41701519 -2.58193277]
 [ 2.92426985 -3.57214324]
 [ 1.4910398  -4.56480594]
 [ 1.48477883 -4.02068378]
 [ 2.48472084 -5.8975903 ]]
Etiqueta: [0 0 1]

Trayectoria 238
Datos: [[ -2.60626848   3.00716917]
 [ -2.78275007   1.46497357]
 [ -5.00899479   1.68507255]
 [ -7.22807642   1.36463816]
 [ -7.11511567   1.19374063]
 [ -6.39408894   0.035765  ]
 [ -7.80724154  -1.51348211]
 [ -9.52906582  -3.05933492]
 [ -8.90998094  -4.00987799]
 [-10.30540953  -2.67359866]]
Etiqueta: [0 0 1]

Trayectoria 239
Datos: [[ -6.45812187   3.28825624]
 [ -8.51886912   2.37634989]
 [ -8.98855681   2.47134027]
 [ -9.1630605    0.53976624]
 [ -9.50424089   0.30019329]
 [ -9.94228543  -0.73774021]
 [-10.22914288   0.41598262]
 [ -9.54021663   2.03557989]
 [ -9.18919887   0.86418955]
 [ -8.50929574   0.56497862]]
Etiqueta: [0 0 1]

Trayectoria 240
Datos: [[ 1.14209008  3.46068155]
 [ 1.41572952  4.38075644]
 [ 2.68740075  4.45399245]
 [ 4.86312148  3.57865558]
 [ 4.61223857  3.05717658]
 [ 3.18388153  0.96461261]
 [ 3.6902924   1.53567041]
 [ 3.90560545  1.16249644]
 [ 6.56110703  0.03970623]
 [ 6.60837705 -0.33968085]]
Etiqueta: [0 0 1]

Trayectoria 241
Datos: [[-0.82141886 -3.52429943]
 [-1.35958833 -4.04408866]
 [-1.59366697 -5.10731794]
 [-1.75210101 -2.83480019]
 [-1.8364768  -2.89085148]
 [-2.61069347 -3.75829619]
 [-1.64828475 -2.63558604]
 [-1.66872789 -4.44681783]
 [-0.33728477 -4.83006116]
 [-0.70901113 -4.02739038]]
Etiqueta: [0 0 1]

Trayectoria 242
Datos: [[-5.04998196 -1.27359935]
 [-3.22760708 -2.8117832 ]
 [-3.3169465  -1.7227615 ]
 [-4.61477557 -2.58154886]
 [-4.46979952 -2.73773463]
 [-0.72532974 -2.64322631]
 [-2.61027263 -3.1956286 ]
 [-3.26420792 -4.2627556 ]
 [-3.69754686 -5.15640821]
 [-5.10188718 -6.30191352]]
Etiqueta: [0 0 1]

Trayectoria 243
Datos: [[-1.13832041  4.8268231 ]
 [-1.8938046   2.34930228]
 [-3.51905034  1.66087196]
 [-0.93253356  1.61513031]
 [-1.53483289  2.83901488]
 [-1.59706182  3.15666797]
 [-1.75884266  2.76027096]
 [-1.2157735   2.48865124]
 [-2.00606336  2.08195964]
 [-0.0888293   1.67542179]]
Etiqueta: [0 0 1]

Trayectoria 244
Datos: [[-0.59764216  0.70035987]
 [-0.58654918  2.44507546]
 [ 0.75671722  1.15062294]
 [-0.41004031 -1.07621939]
 [ 0.89506885  1.29029731]
 [ 0.2190076   0.25181286]
 [-0.65719203 -1.98048143]
 [-2.57775978 -2.31977995]
 [-2.28523491 -4.21875627]
 [-1.39470429 -2.51860816]]
Etiqueta: [0 0 1]

Trayectoria 245
Datos: [[-4.17452206 -0.84552571]
 [-4.45469797 -1.37489154]
 [-3.79788103 -1.173626  ]
 [-4.72005885 -2.75562017]
 [-4.17895684 -4.3345299 ]
 [-4.3595389  -4.01777795]
 [-6.31500999 -4.9886314 ]
 [-7.07201701 -5.53804997]
 [-7.20541409 -7.86670716]
 [-9.41904658 -6.49705272]]
Etiqueta: [0 0 1]

Trayectoria 246
Datos: [[ 6.09201289  5.11405702]
 [ 6.35597376  5.7412099 ]
 [ 6.11325912  3.50039649]
 [ 5.15543678  4.17267077]
 [ 4.63267515  5.00595591]
 [ 4.70391423  2.409704  ]
 [ 5.17717923  0.50495288]
 [ 5.5079581   0.59601058]
 [ 6.31161622 -0.90853101]
 [ 6.11079174 -0.77127432]]
Etiqueta: [0 0 1]

Trayectoria 247
Datos: [[4.93861349 5.61166302]
 [3.48246335 5.25869767]
 [3.63752683 5.35580336]
 [2.69905322 5.27002897]
 [2.48518648 6.96839073]
 [1.79338861 6.57533943]
 [2.82994951 7.00704076]
 [2.88139163 6.09840686]
 [2.72728016 6.07827145]
 [3.02578565 6.37394452]]
Etiqueta: [0 0 1]

Trayectoria 248
Datos: [[-5.30551749  0.47778637]
 [-6.68741365 -0.0263285 ]
 [-6.60291417  1.66812904]
 [-7.24753344  0.45588175]
 [-5.64326756 -1.32883096]
 [-4.07401437 -2.38436428]
 [-2.84450823 -2.15610941]
 [-2.1150104  -2.21832039]
 [-1.44940117 -3.33785689]
 [ 0.34077929 -5.70873068]]
Etiqueta: [0 0 1]

Trayectoria 249
Datos: [[-4.15364854  6.48629965]
 [-5.91267198  4.61447102]
 [-4.02199011  5.51550688]
 [-2.81431026  6.62581183]
 [-0.83921605  7.05870741]
 [-1.82007866  5.15639667]
 [-2.29322128  6.19709351]
 [-1.91962005  5.18060595]
 [ 1.46348555  5.09036936]
 [-0.41164912  5.5692373 ]]
Etiqueta: [0 0 1]

Trayectoria 250
Datos: [[-5.9263219  -5.04953909]
 [-5.26094286 -4.22818758]
 [-5.66787544 -2.88002736]
 [-4.34421912 -2.42102584]
 [-6.06547114 -3.65158382]
 [-5.10179071 -3.00183607]
 [-5.95586189 -4.66610183]
 [-6.89458321 -2.88494798]
 [-7.93214576 -2.47741459]
 [-7.54788985 -1.64531277]]
Etiqueta: [0 0 1]

Trayectoria 251
Datos: [[ -6.09045849  -4.01710694]
 [ -9.74438876  -4.60899063]
 [ -8.00032004  -4.33130546]
 [ -9.18465903  -5.81294186]
 [ -9.48962919  -6.20729151]
 [ -7.84893151  -6.40799372]
 [ -8.82083079  -6.18518886]
 [ -8.30803936  -8.70242785]
 [ -8.98964898  -8.60030604]
 [-10.61991134  -8.8075009 ]]
Etiqueta: [0 0 1]

Trayectoria 252
Datos: [[  2.11838673  -5.70525263]
 [  3.45051607  -4.66865488]
 [  4.62517209  -6.17328256]
 [  3.60804769  -7.4851617 ]
 [  4.45679721  -7.62940811]
 [  4.65906268  -7.45223842]
 [  6.28233429  -8.08476842]
 [  6.98781824  -7.64119957]
 [  8.30119842  -9.05500859]
 [  7.26032452 -10.97658685]]
Etiqueta: [0 0 1]

Trayectoria 253
Datos: [[ 4.95333914 -1.48053863]
 [ 6.50919839 -1.45395653]
 [ 4.64469922 -1.95439643]
 [ 3.89905727 -2.16243014]
 [ 2.67128181 -2.49141185]
 [ 1.96304213 -2.60124348]
 [ 1.84738739 -1.78691859]
 [ 2.02643566 -0.81508902]
 [ 2.90899302 -0.74143285]
 [ 3.30426053 -0.7718216 ]]
Etiqueta: [0 0 1]

Trayectoria 254
Datos: [[3.16246435 3.86320669]
 [2.64685148 3.87988631]
 [2.21162709 5.47312043]
 [2.22409026 6.00057907]
 [1.36026274 6.27976203]
 [3.11246359 5.87361464]
 [2.76019882 6.29055485]
 [3.60814701 5.82213226]
 [3.49883442 6.09936975]
 [2.94652929 7.61489523]]
Etiqueta: [0 0 1]

Trayectoria 255
Datos: [[ 0.11590549 -5.83572995]
 [ 0.78704555 -5.36608913]
 [ 1.07165922 -6.11306345]
 [ 1.70038504 -5.55816287]
 [ 2.86874021 -3.18357999]
 [ 3.05125955 -1.83165825]
 [ 2.39158424  0.22549159]
 [ 2.77628671  1.58617413]
 [ 1.86197088  0.9767035 ]
 [ 2.34756722  0.47602349]]
Etiqueta: [0 0 1]

Trayectoria 256
Datos: [[-5.66868416  5.58074625]
 [-4.32862573  6.47812691]
 [-4.78850951  6.93803259]
 [-3.76813491  5.91887667]
 [-2.64166283  6.26915212]
 [-2.10897035  6.49863034]
 [-0.53462049  7.58332752]
 [-1.97851703  7.73845518]
 [-3.22027747  5.95012794]
 [-2.41246611  8.65603852]]
Etiqueta: [0 0 1]

Trayectoria 257
Datos: [[ 1.96251738  0.99292424]
 [ 2.65663458  1.38189969]
 [ 1.71210349  0.2062358 ]
 [ 2.70896178  1.83275624]
 [ 4.2215961   3.12735957]
 [ 2.48471863  0.83349801]
 [ 4.53865928 -0.01415468]
 [ 7.67348008 -3.32285513]
 [ 7.55445179 -4.03886215]
 [ 6.85229909 -4.908727  ]]
Etiqueta: [0 0 1]

Trayectoria 258
Datos: [[ 6.35795877 -6.28882295]
 [ 5.80477496 -5.6565485 ]
 [ 4.50887631 -4.91625288]
 [ 3.81116057 -5.78786219]
 [ 3.47365792 -6.33256493]
 [ 4.24766002 -6.24969454]
 [ 5.49295242 -6.23327551]
 [ 5.77927312 -3.9012249 ]
 [ 5.61904502 -3.72813213]
 [ 4.87831635 -3.7859527 ]]
Etiqueta: [0 0 1]

Trayectoria 259
Datos: [[ 4.34930268e+00 -1.09206902e+00]
 [ 5.12120794e+00 -3.29903820e-03]
 [ 5.30307216e+00  5.03046608e-01]
 [ 6.81061803e+00  1.81179880e+00]
 [ 8.27918176e+00  2.36870715e+00]
 [ 9.55962038e+00  2.10898464e+00]
 [ 9.10292182e+00  3.95791493e+00]
 [ 8.45438195e+00  2.68069366e+00]
 [ 8.86037123e+00  2.21410555e+00]
 [ 7.99458188e+00  4.61644060e+00]]
Etiqueta: [0 0 1]

Trayectoria 260
Datos: [[ -6.19609112  -1.26377086]
 [ -6.60550995  -1.94154243]
 [-10.23986689  -3.34587046]
 [ -7.42221263  -5.06278933]
 [ -6.0787707   -4.15805206]
 [ -6.59921463  -4.3518137 ]
 [ -8.00313311  -2.57786955]
 [ -8.05861149  -4.76559439]
 [ -5.85056386  -4.99075222]
 [ -6.46520932  -5.69011931]]
Etiqueta: [0 0 1]

Trayectoria 261
Datos: [[2.3179241  3.98168455]
 [1.3557974  3.63461583]
 [0.69690696 4.23005712]
 [4.27993457 5.27068816]
 [3.62154387 4.58664522]
 [4.00206235 5.86611737]
 [5.24045417 2.70121792]
 [5.05088324 4.81359653]
 [3.93747342 5.66774423]
 [4.33719714 6.40034562]]
Etiqueta: [0 0 1]

Trayectoria 262
Datos: [[-3.20668367 -6.18452477]
 [-3.20317303 -5.38955248]
 [-3.34518595 -7.83122551]
 [-2.65023111 -8.07054028]
 [-2.96200259 -8.55780693]
 [-5.17081843 -8.273191  ]
 [-3.38772046 -7.62395144]
 [-3.37039311 -7.29617261]
 [-3.37962412 -7.5772945 ]
 [-2.55785368 -6.810905  ]]
Etiqueta: [0 0 1]

Trayectoria 263
Datos: [[-6.11733721  1.65936858]
 [-4.80607997  2.93340698]
 [-4.09095856  2.67514109]
 [-5.50476262  3.93412451]
 [-7.19602484  1.28363836]
 [-8.23684448  3.48079609]
 [-8.5395542   4.6540054 ]
 [-7.35209332  2.78842449]
 [-7.48182009  2.51137345]
 [-7.93352724  2.60910539]]
Etiqueta: [0 0 1]

Trayectoria 264
Datos: [[ 0.33413833 -4.58295111]
 [ 2.43040122 -3.14048614]
 [ 1.46054823 -1.82321538]
 [ 2.66391187 -3.04322369]
 [ 4.7883518  -3.74202717]
 [ 6.09605198 -4.75167956]
 [ 4.50651652 -5.63288183]
 [ 6.16249703 -5.40615272]
 [ 8.57021205 -6.5051458 ]
 [ 9.08266091 -6.1166391 ]]
Etiqueta: [0 0 1]

Trayectoria 265
Datos: [[ 6.06899691 -6.45200558]
 [ 5.16953925 -5.85734198]
 [ 4.38378587 -6.09696101]
 [ 2.07120873 -7.59165803]
 [ 0.95887247 -7.27942496]
 [ 0.55389455 -7.31675125]
 [ 2.1175623  -8.12238712]
 [ 3.89201138 -8.93392733]
 [ 2.66557042 -8.58844586]
 [ 2.40691651 -6.54765143]]
Etiqueta: [0 0 1]

Trayectoria 266
Datos: [[ -6.30883863  -6.42053098]
 [ -7.24035143  -8.58025034]
 [ -7.52250603  -7.98544688]
 [ -8.06064558  -6.67017903]
 [ -7.82255076  -7.38291848]
 [ -8.68001986  -8.69362221]
 [ -9.66258438  -9.41437681]
 [-10.65387394 -10.91348012]
 [-11.22728663 -10.28884876]
 [ -9.7127845   -8.48505493]]
Etiqueta: [0 0 1]

Trayectoria 267
Datos: [[ 4.74672513 -5.45852158]
 [ 6.42539652 -4.2498845 ]
 [ 6.43768398 -1.30087268]
 [ 7.67208207 -1.11887378]
 [ 6.9836224  -1.31159456]
 [ 6.30710193 -1.50213398]
 [ 6.55664868 -0.58995611]
 [ 9.41598297 -1.10127702]
 [ 9.99773091 -0.26712317]
 [ 9.51246069  0.19256206]]
Etiqueta: [0 0 1]

Trayectoria 268
Datos: [[-5.62576155 -1.89598524]
 [-6.29125308 -3.55361148]
 [-5.10080641 -2.00859459]
 [-4.06677116 -3.94152032]
 [-3.7330532  -5.99165736]
 [-2.53471456 -5.68688491]
 [-2.31580261 -6.26745921]
 [-0.94506321 -7.40550388]
 [-1.86036935 -7.1305679 ]
 [-1.05617045 -7.75362674]]
Etiqueta: [0 0 1]

Trayectoria 269
Datos: [[ 3.16703679  3.73665798]
 [ 1.30797105  3.82386441]
 [ 0.45103842  2.5412754 ]
 [-1.098962    0.3596997 ]
 [-2.20283534  0.41820489]
 [-4.56543401  1.69685776]
 [-4.21442205  2.30568695]
 [-3.75327226  0.40320356]
 [-3.75003453 -0.13469064]
 [-6.2014623   0.02599486]]
Etiqueta: [0 0 1]

Trayectoria 270
Datos: [[-2.82902756  1.43427393]
 [-2.007695    0.00335365]
 [-2.0810006  -0.6962733 ]
 [-1.86441543 -0.6714204 ]
 [-1.11339116 -0.10606758]
 [-1.65925121 -0.86322156]
 [-1.2721387  -1.9755752 ]
 [-1.04063546 -2.7339472 ]
 [-1.88976976 -3.03469141]
 [-2.97007878 -2.64896375]]
Etiqueta: [0 0 1]

Trayectoria 271
Datos: [[ 1.07257089 -0.05975428]
 [-1.77913859  0.51379874]
 [-0.71616561  3.02231143]
 [-1.64336393  2.84446761]
 [-1.36103693  1.7168021 ]
 [-0.3556113  -0.27402856]
 [ 0.5845899   0.88327686]
 [ 0.39508665  0.38694847]
 [ 1.40061841  0.56149584]
 [ 1.34570523 -0.82672536]]
Etiqueta: [0 0 1]

Trayectoria 272
Datos: [[4.11733814 6.33546945]
 [4.67391375 3.39376495]
 [6.27305728 4.38475093]
 [5.20514476 4.72036576]
 [5.78540949 5.10665758]
 [3.31757541 5.01877928]
 [3.17462972 4.88391519]
 [1.69245768 4.21186075]
 [1.54958046 4.67020859]
 [0.46830696 4.23706783]]
Etiqueta: [0 0 1]

Trayectoria 273
Datos: [[ 3.14246966 -2.02420293]
 [ 2.38676592 -2.88057174]
 [ 1.64798968 -2.08545481]
 [ 2.15772407 -3.13413542]
 [ 2.95626266 -3.9484537 ]
 [ 3.54171497 -4.08084295]
 [ 5.66486387 -4.10229728]
 [ 6.48611669 -3.40346664]
 [ 5.077058   -3.20364384]
 [ 5.51044728 -3.44435437]]
Etiqueta: [0 0 1]

Trayectoria 274
Datos: [[ 2.81184577 -3.77645754]
 [ 2.76523929 -1.31314126]
 [ 2.80310005 -2.50496436]
 [ 3.73478863 -4.01834095]
 [ 5.71599518 -5.64179486]
 [ 4.75081732 -5.98729518]
 [ 3.71139974 -8.66865857]
 [ 3.27811267 -9.20190233]
 [ 2.35437767 -7.6338631 ]
 [ 1.35146133 -7.04605532]]
Etiqueta: [0 0 1]

Trayectoria 275
Datos: [[-2.53447363 -3.67381984]
 [-0.85168324 -4.74548485]
 [-1.64945654 -3.98878969]
 [-0.16531338 -3.14750308]
 [-2.44688362 -3.70303517]
 [-1.56699697 -2.85119406]
 [ 0.35916696 -2.69873716]
 [ 0.38882867 -2.00617548]
 [-0.55521089 -1.93688606]
 [ 0.44535819  0.19599419]]
Etiqueta: [0 0 1]

Trayectoria 276
Datos: [[-6.45682657  5.59500214]
 [-6.91171419  6.51681532]
 [-6.70612369  5.2378102 ]
 [-5.93014866  5.60878637]
 [-5.86577952  4.87947526]
 [-5.48706714  5.61469868]
 [-5.54206449  5.51049083]
 [-3.78585879  5.6747572 ]
 [-5.59057306  7.93642114]
 [-5.57381339  7.27241413]]
Etiqueta: [0 0 1]

Trayectoria 277
Datos: [[-5.54320067  1.94790055]
 [-6.2609395   3.56599383]
 [-4.82475016  2.55483652]
 [-4.99017139  1.79459318]
 [-6.31828081  1.13332711]
 [-6.51823203  0.77074302]
 [-5.18150976 -0.59405663]
 [-6.94558167 -0.13299206]
 [-5.62288726  0.55847655]
 [-8.292271    1.18137016]]
Etiqueta: [0 0 1]

Trayectoria 278
Datos: [[-4.4371324   4.95517033]
 [-3.21166784  5.98083429]
 [-1.05050865  4.44073009]
 [ 0.36552899  3.97743955]
 [-0.29410631  5.47654444]
 [-0.18631329  4.33100683]
 [ 0.52623406  4.41732607]
 [ 0.83197668  7.21651978]
 [-0.53156955 10.78087189]
 [-1.68806773 11.10842773]]
Etiqueta: [0 0 1]

Trayectoria 279
Datos: [[-4.10368648 -2.1331283 ]
 [-2.05824278 -1.92722822]
 [-0.83466738 -4.18847649]
 [ 0.58890865 -1.26053689]
 [-0.84616599 -2.69411547]
 [-0.67782908 -3.02173941]
 [ 1.14354498 -3.37566824]
 [-2.56739147 -3.29372598]
 [-2.14262665 -4.41148809]
 [-1.26149234 -3.76836884]]
Etiqueta: [0 0 1]

Trayectoria 280
Datos: [[-1.88876255  4.96579691]
 [-1.88481337  5.42611843]
 [-1.48884263  3.82722959]
 [-2.51510818  2.02264091]
 [-4.32480899  2.60827462]
 [-3.72937801  4.69145394]
 [-3.9786115   1.87338851]
 [-5.11609881  1.74635159]
 [-3.42623198  0.37277451]
 [-3.43104957 -0.240814  ]]
Etiqueta: [0 0 1]

Trayectoria 281
Datos: [[-0.72562933 -4.07588088]
 [-1.2085352  -3.68298989]
 [-3.24676631 -2.98404198]
 [-3.93895031 -1.53776111]
 [-4.37584811 -3.41959003]
 [-3.41706466 -3.12143142]
 [-2.36135269 -4.35379165]
 [-3.97530415 -4.32705733]
 [-5.18732712 -5.46329945]
 [-7.65122363 -4.78639661]]
Etiqueta: [0 0 1]

Trayectoria 282
Datos: [[ 2.2614891  -0.0255398 ]
 [ 1.67427688  0.35975054]
 [ 1.34581076  0.01339729]
 [ 0.25518578 -1.05599888]
 [ 1.5269435  -3.04786832]
 [ 0.60059396 -2.899915  ]
 [ 1.77323864 -3.51215351]
 [ 2.41442755 -2.42279263]
 [ 3.47288434 -1.46811168]
 [ 2.93097787 -1.26994787]]
Etiqueta: [0 0 1]

Trayectoria 283
Datos: [[-0.35366983  1.90427075]
 [-1.49176806  0.24606168]
 [-2.11885498  0.59763032]
 [-3.02913021  1.23775296]
 [-1.95617734  0.75922744]
 [-3.97815495  0.8007256 ]
 [-3.98967199  1.52338209]
 [-5.84177955  0.55788555]
 [-5.6239044  -0.01362974]
 [-5.49317572  0.76936577]]
Etiqueta: [0 0 1]

Trayectoria 284
Datos: [[ -4.98410397   2.33306947]
 [ -7.47172894   0.85406313]
 [ -6.3415958    0.75082617]
 [ -5.97951199   1.20192932]
 [ -7.98977758   3.02494148]
 [ -8.35914379   2.39056876]
 [-10.29153068   4.15212951]
 [-11.61558817   3.02531497]
 [-13.38971957   2.86192931]
 [-13.96841777   2.84018209]]
Etiqueta: [0 0 1]

Trayectoria 285
Datos: [[-2.28604059  4.63423581]
 [-1.86924153  5.99716028]
 [-1.51590384  6.48539635]
 [-0.83458999  6.74652724]
 [ 1.24887553  4.73609401]
 [ 3.46703683  3.80323253]
 [ 5.29832991  3.06935309]
 [ 4.13819751  3.29809612]
 [ 4.54300432  4.05938643]
 [ 4.06167734  5.38934656]]
Etiqueta: [0 0 1]

Trayectoria 286
Datos: [[ 3.83593284 -2.13995509]
 [ 3.37184419 -2.87949414]
 [ 2.43467189 -1.80620931]
 [ 3.11299506 -1.81666735]
 [ 3.11016816 -4.29361791]
 [ 4.78520652 -3.18153422]
 [ 2.20000805 -5.63024067]
 [ 0.23771009 -7.04801923]
 [-2.51841246 -7.00340413]
 [-4.37913334 -8.73193727]]
Etiqueta: [0 0 1]

Trayectoria 287
Datos: [[1.8761135  4.77431411]
 [2.3589646  6.40159505]
 [3.15934879 5.10204672]
 [2.15387345 6.18606001]
 [5.43057238 7.19970039]
 [4.40392322 6.19460528]
 [4.66620194 8.49760929]
 [5.52974898 8.27956868]
 [6.11458913 8.40174658]
 [5.04428136 7.27394346]]
Etiqueta: [0 0 1]

Trayectoria 288
Datos: [[5.15470545 2.82568331]
 [5.42111408 3.58417813]
 [7.34037776 3.67363111]
 [6.40794497 2.54067744]
 [5.42510981 4.10941444]
 [6.01548468 4.52282955]
 [5.84401203 4.96462603]
 [5.58229697 5.18817963]
 [5.24111406 5.20603872]
 [5.45282518 5.40499348]]
Etiqueta: [0 0 1]

Trayectoria 289
Datos: [[-2.59009091  5.7089658 ]
 [-1.3785638   6.3713849 ]
 [-0.47895128  5.52489521]
 [-1.46862028  5.5395155 ]
 [-2.99041537  6.52252834]
 [-3.61791175  5.42920368]
 [-4.40717219  7.25433952]
 [-4.22989823  6.60848588]
 [-0.38827102  7.53940676]
 [-2.07783234  8.44530449]]
Etiqueta: [0 0 1]

Trayectoria 290
Datos: [[-5.3089153   2.46433533]
 [-6.15608772  3.03677741]
 [-4.93814231  4.81217959]
 [-6.84772212  4.46420169]
 [-4.95961657  3.8515435 ]
 [-6.44573427  6.02380373]
 [-5.79588514  6.09595983]
 [-8.2236507   8.0920042 ]
 [-8.54444175  7.79368327]
 [-7.69805938  5.36850852]]
Etiqueta: [0 0 1]

Trayectoria 291
Datos: [[ 5.62408514 -1.90064615]
 [ 6.24459878 -4.39985293]
 [ 5.19616786 -3.44998754]
 [ 5.33190981 -1.52493264]
 [ 4.33912466 -4.26586924]
 [ 2.00369133 -3.84603927]
 [-0.39032612 -4.95951906]
 [ 0.75370211 -5.91071914]
 [ 0.71909744 -7.23597167]
 [ 2.85602918 -7.6179999 ]]
Etiqueta: [0 0 1]

Trayectoria 292
Datos: [[ 6.34883482  5.87002413]
 [ 5.17691194  4.31915905]
 [ 6.66149445  4.782551  ]
 [ 7.05238439  5.68169627]
 [ 5.87108168  7.31856442]
 [ 5.2684368   8.66436653]
 [ 3.38916165  8.72733985]
 [ 3.58947542  7.83745722]
 [ 3.57062412  9.21582124]
 [ 4.98708274 10.22467702]]
Etiqueta: [0 0 1]

Trayectoria 293
Datos: [[-2.89509412  1.7532848 ]
 [-3.50216611  0.50700561]
 [-5.3711551  -0.15204155]
 [-4.87322145 -2.19157935]
 [-4.9899355  -2.81529026]
 [-7.12226852 -2.44439772]
 [-7.88364529 -1.55875405]
 [-9.38372128 -0.10871567]
 [-7.31470665  2.28285339]
 [-5.62478449  4.71400843]]
Etiqueta: [0 0 1]

Trayectoria 294
Datos: [[-2.07841598 -0.28471513]
 [-1.54260462  1.77662826]
 [-2.71451873  0.87290238]
 [-3.20956412 -0.07845875]
 [-4.03674135  0.34500856]
 [-3.2416313   1.39206245]
 [-4.45331273 -1.11556393]
 [-5.98726541  1.17231615]
 [-5.50923942  1.65540369]
 [-5.67670336  2.08695732]]
Etiqueta: [0 0 1]

Trayectoria 295
Datos: [[-1.81295094  2.3741901 ]
 [-2.0568387   1.27357225]
 [-2.1857      2.16884874]
 [-2.68345692  1.97608594]
 [-3.20172946  2.90156773]
 [-2.43095917  2.3078368 ]
 [-2.78042057  3.05363576]
 [-3.02037577  4.28176246]
 [-3.24016894  2.82703234]
 [-4.4916216   2.96664518]]
Etiqueta: [0 0 1]

Trayectoria 296
Datos: [[-0.73338012  4.33028108]
 [-0.88813295  2.59485782]
 [-0.84562221  1.39852154]
 [ 0.16824292  1.75483059]
 [-0.58309005  1.68195062]
 [-1.54130538  1.66322178]
 [-4.38039877  0.7550401 ]
 [-1.7939534  -0.18856177]
 [-0.94788586 -0.23928671]
 [ 0.32100082 -3.40596762]]
Etiqueta: [0 0 1]

Trayectoria 297
Datos: [[ 4.53834405 -1.46180945]
 [ 2.86380303 -4.07001651]
 [ 5.13063857 -3.25095396]
 [ 6.3952899  -2.71803297]
 [ 4.95055831 -2.4246251 ]
 [ 4.70584631 -3.25143976]
 [ 4.41985518 -2.11970344]
 [ 3.96981958 -2.43080824]
 [ 5.31553919 -2.24665567]
 [ 8.39606597 -1.48410337]]
Etiqueta: [0 0 1]

Trayectoria 298
Datos: [[-1.21436854  4.0735217 ]
 [-1.74126822  2.96933783]
 [ 0.04619451  3.19142511]
 [ 0.65590737  3.04412221]
 [ 1.07563337  2.050179  ]
 [ 1.25067449  1.34396432]
 [ 0.17339454  0.95561946]
 [-1.19165956  1.8014071 ]
 [-0.63366117  1.63393272]
 [-1.30022712  1.37573598]]
Etiqueta: [0 0 1]

Trayectoria 299
Datos: [[-0.01817107  0.91670848]
 [-0.82708685  0.21188301]
 [ 0.56623306  2.08808439]
 [ 1.05076727  0.53149376]
 [ 1.13789904  0.17102378]
 [ 1.71266642  1.58460749]
 [ 0.29288422  1.19189419]
 [ 0.98729252 -0.60398673]
 [ 2.35933675 -0.74094724]
 [ 3.49095703 -0.70871744]]
Etiqueta: [0 0 1]

Trayectoria 300
Datos: [[ -5.00337101  -4.36792934]
 [ -5.50040155  -4.01148735]
 [ -4.67658524  -4.93662727]
 [ -4.76674166  -5.65806468]
 [ -5.502074    -5.9071329 ]
 [ -5.47901083  -4.93928287]
 [ -5.8602412   -5.05334027]
 [ -5.35909466  -4.33920243]
 [ -9.25242839  -3.50179365]
 [-11.14097764  -6.06976023]]
Etiqueta: [0 0 1]

