# Pesos entrada
2.990343992277162966e-01, -3.546686566321161777e-02, 1.397680635175514441e-01, 2.096552535949673945e-01, 5.466162468625545001e-01, 3.981726398348469087e-01, -5.231309090049849342e-01, 2.768272899828919803e-02, -6.716046731062468023e-02, 6.196247582479645910e-01, 3.055993223126648450e-01, 1.909084255857342316e-01, -3.516940552431563338e-01, 1.965904582210050433e-01, 3.234309730601592214e-01
3.502777517586948552e-01, -2.830514175693780166e-01, -3.764757806223982817e-01, 2.669765375213925540e-02, 7.350193366578121335e-02, 2.893920452282002787e-01, 7.144028907409734064e-01, -3.500086784209990309e-01, -3.791525508207495010e-01, -6.176874719667529989e-01, 5.774933127700141583e-02, 5.121367321731204458e-02, 7.116977241316427838e-01, 1.060084899788596990e-01, -2.296721528065443496e-01
-2.795465249399864405e-01, 1.237609815228919857e-01, 3.263435528168948663e-01, 1.413899697686919199e-01, -2.319435644910869398e-01, -1.236703454166424576e-01, -7.567782345627725726e-02, 2.709240929758158223e-01, 3.364721005768830375e-01, -5.994440568299045508e-02, -1.259983992507167083e-01, -5.355478699347925378e-03, 8.228613365358593557e-01, -7.346386679900016037e-02, 3.666364636727840742e-01
-2.302164786751605685e-01, -2.630020983834837067e-01, -1.273695590242601705e-01, 4.705994916991672605e-01, 9.818330802422990666e-02, -6.396238654906847287e-01, 4.618563968965830324e-01, 4.195095952930946170e-01, -3.370230588617188494e-01, -4.032693499122658176e-01, 3.570201509937317441e-01, 2.021037963300999496e-01, 8.082832375836019878e-01, -1.618901640309234474e-02, 4.178785051780778415e-01
-5.452499911297420399e-01, 4.480111167140062300e-01, 2.929816930881235515e-01, -2.447498392221335028e-01, -4.794651921206227740e-02, 1.807973945317960796e-01, -1.617523572104058796e-02, 3.006100931194424786e-01, -1.001503856357406491e-01, -1.310011204914590492e-02, 2.987034130693718148e-01, -6.377101073296953179e-03, 6.873148446028863601e-02, -3.952368547057150822e-02, 2.993944580411174797e-02
-1.334748265888689722e-01, 2.040162316191509173e-01, -2.463749283753937369e-01, 3.972936364278354393e-01, 6.152494794872733763e-01, -2.915931737218078745e-01, 3.941320855470695772e-01, -2.206799511259274205e-01, 2.167920095699050753e-01, 1.850138079549702164e-01, 2.467617361758483174e-01, -1.729315135284092420e-01, 1.180794951116101998e-01, 1.639956223880003061e-01, 7.237158757415484978e-02
-1.975786801063495260e-02, 2.211268449806302605e-01, -4.105110214583234662e-01, 7.345613333778056031e-02, 7.112318236551347372e-02, 4.645193277363667828e-01, -2.086807799214486225e-01, 4.578636356415698994e-01, 4.313401618172909430e-02, -1.592211359339642252e-01, -7.886847755628005607e-02, 4.068706791990107929e-02, -3.186885093273595926e-01, 1.247984460674552848e-01, -2.606547405290199348e-01
-5.572060534033903556e-01, -1.889758438333717649e-01, -5.012872983213804146e-01, 3.816015434854976296e-01, -4.420330200534724474e-01, 2.744787879170276779e-01, -6.759315342848267738e-01, 5.985385110851804136e-02, -1.434868982711093588e-01, -1.831653488378549577e-01, -5.836365755293381613e-02, 1.115131423340707389e-01, -4.929711050447187493e-01, -2.632000332388564900e-01, -2.643386848426260149e-01
-2.386655457405292002e-01, -1.263651238483259331e-01, 4.667822293677310053e-01, 1.910408021819233124e-02, -3.409888108978699206e-01, 1.136990909112502168e-01, -2.231237070089986674e-01, 6.876067415952598350e-02, -2.250162930926508098e-01, -4.499670096657029661e-01, -2.146672658466065031e-01, -3.923316291346956031e-01, -2.597349282079560173e-01, 5.949345092884744668e-01, 5.462013979754257696e-03
-4.184490530371878236e-01, 6.482259573518010798e-02, 3.237406814874099203e-01, 4.254109683086471638e-01, 7.875287802976031759e-02, 4.363525654736587489e-01, -3.458034979484892607e-02, -7.691352482166884108e-02, 3.107773742224298474e-01, -1.571737980884158059e-01, 4.577039827075660150e-02, 5.627614736868471468e-01, -7.939751932982544447e-02, 1.530148328963845117e-01, -5.227456653297040123e-01
-1.014482951619610773e-01, 7.213148708947653143e-02, -3.600999421305473569e-01, 1.790943937178411660e-01, 5.167376913828473084e-01, -4.847634990951102951e-01, 4.004434413281595107e-01, -5.286778969170066178e-01, 3.392336442246845496e-01, -9.865738351141170592e-02, 4.274685241534589841e-02, -5.807655310162136708e-02, 9.977046096745464943e-02, 4.667598933126369115e-02, -2.151901920392476353e-01
1.148629102418218251e-01, -3.452084664177612061e-01, 3.899990634498842201e-01, 3.836738290700827687e-03, -3.029633105181703812e-01, -3.267385914337757047e-01, -7.598373787506758348e-02, 4.791035256939044085e-01, -3.909924648719660945e-01, 1.085100645792810709e-01, -3.360249754890542451e-01, -7.714595903934946541e-01, -4.685209818938879806e-02, -2.500386762293246301e-01, -4.421861858335342926e-02
-6.794300598407635450e-01, 4.220383093641637551e-01, -3.217578791719368780e-01, 3.224734497942911837e-02, -2.036589486517340758e-02, 7.420549743091131578e-01, -2.148649800672182142e-01, 1.893263082421131616e-01, 5.429787292921042230e-01, -3.931836692278278811e-02, -5.236973008510205085e-01, -4.051625066133571762e-01, 5.164797614142638271e-02, -1.451509049349136160e-01, 7.019447915105036509e-04
-1.326887426328457464e-01, -1.861463804781206821e-01, -6.886615805932679545e-03, 4.914365853298195523e-03, -1.046359970954202495e-01, -1.034800566391613913e-01, -1.505262585116964591e-01, 3.232179544745332755e-01, 6.750281232769924644e-01, 4.659410016270824628e-01, 2.150122820039661875e-01, -1.395376019319942706e-01, -4.739484433069615088e-01, 3.193659096924748170e-02, -9.403481549986775212e-02
3.211605128159334965e-01, -1.446096007970095777e-02, 3.083807059286995389e-01, -2.001216667114891906e-02, 7.742668203919735037e-02, 2.329133960728376196e-01, -1.618331359703570616e-01, -2.740972254150008669e-01, 3.024653879370099996e-01, -3.163162046318535037e-01, 6.186644194087722454e-02, -2.182607277119653216e-02, 3.843718562997019972e-01, 6.185414547985850220e-01, 3.360758826203077421e-01
-1.876020064331578585e-01, 2.349983478506015300e-01, -8.579516177751068673e-01, 5.453522163344014517e-01, 4.328527264230038196e-01, 9.451849411119565836e-02, -1.278509338624380931e-01, 2.842334787548514985e-01, 3.521147127350560124e-01, -1.403339236829897196e-01, -3.035818214573771656e-01, -2.338624172168534410e-01, -5.904823537895120822e-01, 4.749683930104873775e-01, -1.601590143769418273e-01
2.922393088154368601e-01, 4.632231181817954985e-02, -1.096930347717876703e-01, -1.637879436183370119e-01, 4.224634115722090133e-01, 5.055603339405884827e-02, -3.511112517836781355e-01, 2.961203818434486323e-01, 3.653945473224769480e-01, 4.023976129008155489e-02, -4.373670584452420407e-01, 2.279322689598389240e-01, 1.165233463217472260e-01, 3.825745921150844886e-01, 4.287175753518400745e-01
-1.426678708599201650e-01, -2.255744987905419774e-01, -3.517486730238951198e-01, 2.304508395098205705e-03, -2.218704686522047498e-01, 1.664924160045012924e-01, -2.509838227165034907e-01, 2.384409550019015445e-01, 1.163074839467883453e-01, 1.260357317690121715e-01, 6.485926510766478748e-01, 2.788076430207200862e-01, 4.479771249334321692e-01, 7.704609792123627565e-02, 1.607267783343914805e-02
-3.759509647505823726e-01, 5.849466923809946151e-01, 5.111631617842483655e-01, 9.895827267324899257e-01, 2.760722512619947500e-01, -3.947239982881640963e-02, 7.102225155643929200e-02, -1.234432940957523456e-01, 1.008636390896669871e-01, 2.207318800397729541e-01, 2.147224080442464156e-02, -3.114754555920018486e-01, -5.134760853441959760e-01, -1.145779570385604268e-01, -2.317601654030239655e-01
-7.000859024873107295e-01, -1.583740928866308184e-01, -9.454578930495817490e-02, 8.686542321289948687e-02, -8.347854724132909299e-01, 1.337097631471955983e-01, 7.279434368927145682e-02, -2.408926521557784306e-01, 6.641738552376789950e-02, -2.419104989995004562e-01, 2.105051362208507082e-01, 1.303867567083409618e-01, 4.505584901199846115e-01, -4.406202699187808380e-01, 1.467024348439879833e-01
# Bias entrada
0.000000000000000000e+00 0.000000000000000000e+00 0.000000000000000000e+00 0.000000000000000000e+00 0.000000000000000000e+00 0.000000000000000000e+00 0.000000000000000000e+00 0.000000000000000000e+00 0.000000000000000000e+00 0.000000000000000000e+00 0.000000000000000000e+00 0.000000000000000000e+00 0.000000000000000000e+00 0.000000000000000000e+00 0.000000000000000000e+00
# Pesos capa oculta
1.257833400114559130e-01 2.327404440963755650e-01 -1.030218257613128297e-01
-1.387893877248718155e-01 7.871305473287883159e-02 -8.033207240342855604e-01
5.515595732725668832e-01 2.361922883566424658e-01 2.346324984356109034e-01
2.714776445136639071e-01 -8.781160426845506517e-02 -1.710396660078776776e-01
2.277988639801386550e-01 -5.121699293871101455e-02 1.041793757423344013e+00
-4.201789811018348808e-01 -3.131201136274742169e-01 -2.970792115616872203e-02
3.083631170647157527e-01 5.120923999723291375e-01 3.544983607357420907e-01
-2.006921587419377984e-01 1.107300368637222088e-01 5.562941801088519544e-02
-2.138267443370314713e-01 -8.794148774117399592e-02 -3.390301818339673812e-01
9.806685220737343389e-01 -2.255016279213309729e-02 -5.930478860375372197e-01
2.032162893889039867e-01 1.774022967847208310e-01 1.512543213982657508e-01
1.040722653871664904e-01 -2.523992724910379404e-01 -3.749559902741796957e-01
-1.012868968531039499e-01 -4.670081487394059372e-01 -1.352020525928072647e-01
2.628624508169130625e-01 2.220188687667077054e-01 -2.884694867439470678e-01
-2.369447697749691994e-01 2.410967605829522284e-02 -1.237806492351898463e-01
# Bias capa oculta
0.000000000000000000e+00 0.000000000000000000e+00 0.000000000000000000e+00
