# Pesos entrada
6.173631852988473168e-02, 3.867332757171377394e-02, -4.387815728543738997e-02, -3.720654926032850307e-01, 1.723190793031677270e-01
8.761997629083055628e-02, 2.573053077280241796e-01, -2.897034400890658445e-01, -2.274935119937045516e-02, -1.185940799978064675e-01
-1.190368688069689054e-02, -1.707395214349960721e-01, 1.921487899029979129e-01, -4.430012272111504001e-02, 1.560187055480966589e-01
4.784912677913882306e-01, -4.669445420179751949e-01, -4.728268733218513042e-02, -4.622078429478160971e-02, 2.974642370217971954e-01
-4.422572518471846181e-01, -6.155893712991731270e-01, -6.663733087268722821e-01, -1.965474502890270647e-01, 1.205584725316264233e-01
-3.626935450458703691e-01, 2.102102107840547185e-01, 3.449877403189704483e-01, -9.470853750387295267e-02, 8.097032516935150082e-02
-3.308199255883255141e-01, -3.097395615891925802e-01, 5.078343092856604235e-01, 1.943272483615397783e-01, 2.471422617788613385e-01
-8.673872229885275231e-02, 1.827386481733889179e-01, 1.993555711301587541e-01, 6.767367821194391064e-01, -1.179653324908177536e-01
1.693731793487325277e-01, 3.769949763707091117e-01, 2.005820405444286858e-01, -1.227170591516257986e-01, -1.345460134208301961e-01
-8.995413642452834702e-02, 4.561190608735838925e-01, 2.083224077066533064e-01, -6.279110844026788985e-02, 5.068581179077689958e-02
-4.164412791607939590e-02, 5.210582325268493520e-01, 5.009937487522737598e-01, -3.467725171837405806e-01, -2.359233168112838674e-01
-8.137948895437591146e-02, 3.901280458073015656e-02, -6.066979620054858274e-02, 4.341904321341013562e-01, 2.484936606843407558e-01
-5.374932992384064967e-01, 2.285459908035999688e-01, 1.152391067068758435e-01, -7.597262867095343208e-02, 2.315612038558517716e-01
-2.060883792086163346e-01, 3.818748549829555361e-01, -1.996732301471180332e-02, 2.493574110164888460e-02, 9.515837016287494177e-02
4.452629577282462003e-01, -1.633195715152852001e-01, 2.428208825970093188e-01, 2.121093187573168670e-01, 5.299113614597458222e-01
1.242480368664104426e-02, -5.408184887128060225e-01, 5.106579462475393516e-01, 5.768486921459549110e-01, -4.892967896240775771e-01
-4.176785115278545124e-01, 5.207676106259605531e-01, 6.373378747214793194e-02, 3.136546928945833090e-01, 4.555518885937767659e-01
6.860547261134615216e-01, -2.700836063205755977e-01, -1.645115631768671316e-01, -2.064407031416363725e-01, -4.172125586020491994e-01
2.415447036956840376e-01, 5.854145980962365686e-02, -4.985762472202615592e-01, -1.633457406899336550e-01, 5.584475714280290326e-01
-7.992676824170663608e-02, -2.446432534499891343e-01, -1.452306279315165038e-01, -6.265535977899489017e-01, 1.514797319331391001e-01
# Bias entrada
0.000000000000000000e+00 0.000000000000000000e+00 0.000000000000000000e+00 0.000000000000000000e+00 0.000000000000000000e+00
# Pesos capa oculta
-9.987943688634411954e-01 -1.098709701180993648e+00 6.056451392881592177e-01
1.100565911253758022e-01 8.993863910754706925e-01 -2.625079305582275757e-02
-9.823345843036623837e-01 2.004735103857310241e-01 8.159515968279265064e-01
-2.584688356318821656e-01 -8.750080964623980773e-01 3.317608787851312746e-01
-5.129106570990601272e-02 7.184530218093485576e-01 -4.260783028943041645e-02
# Bias capa oculta
0.000000000000000000e+00 0.000000000000000000e+00 0.000000000000000000e+00
