# Pesos entrada
2.097523117273400572e+00, -5.050002801098660843e-01, -1.234705023392785178e-01, -7.939352187956227880e-01, -2.081443664449656339e+00
-1.982214525494217172e+00, 5.070232410542439005e+00, 3.161065673895224748e+00, -8.473633078671397811e+00, -1.482094152251253183e+00
-1.416362745314853067e+00, -4.430508841335367265e+00, 9.159874268898449134e-02, 2.983353205789829321e+00, 1.093084903050535850e+00
1.117805641977982420e-02, 2.547049183310770903e+00, -2.645223567304350043e-01, -1.351268535476076948e+00, 7.566436444761729385e-01
-4.507584427091129164e-01, -3.884532622001204971e-01, 2.286395039372875360e+00, -3.283570577894998066e-01, -1.217374804239710784e+00
1.395587605537240261e+00, 1.647933078989766598e+00, -6.834528421775842855e-01, -8.385111681623520774e-02, -4.347589352065181489e-01
-3.077086293129153827e+00, 2.540189098548957247e+00, 1.084077811678486325e-01, -7.535385171437616325e-01, 1.327033240756716914e+00
3.865752743464900387e+00, 2.023794332765154191e+00, -5.406261845835939717e+00, -2.384873418271800993e+00, 1.720857695338506854e+00
-5.064907269778613497e-01, 3.391741173632332185e+00, 2.612156121685538679e+00, -2.502232734811300485e+00, -7.041758208780044548e-01
5.406143113383109489e-01, -2.668657446286612500e-01, 7.106391278618527929e-01, -2.148048944179744846e-01, 1.656279192313157234e+00
3.125949281019947179e+00, 1.809658156520497885e+00, -3.852009446947587623e+00, -8.322208274239194514e-01, 7.316698600893405402e-01
-2.194763773998190004e+00, -4.590850412049331530e-01, -7.184036671155196174e-01, 2.959136163170237310e+00, -7.479497826520153936e-01
2.128050686049244522e+00, -3.303725851977172834e-01, -5.206162488682115175e+00, -2.174374738738498625e+00, 1.730800825144455546e+00
-3.424799781814733102e+00, -2.288401321926390730e-02, 2.666705546320526032e+00, -1.288742138458678133e+00, -1.498406354227401094e+00
-1.102196550170798650e+00, 1.261106136335424753e-02, -3.948314501876428184e-01, 1.564927090347945970e+00, 2.452217038775927893e+00
2.782674381924693741e+00, -3.275465213519562546e+00, 1.931690260504895118e+00, 1.191268217476015856e+00, -1.260146006075448355e+00
-4.079584377998615174e-01, -9.007652916134280263e-02, 3.793951709845416964e+00, 2.357013051070098619e+00, -2.373902863492752591e+00
-2.162091800998412250e+00, -3.207980071802625677e+00, -1.818256246377187857e+00, 3.052151397306920533e+00, 1.588457935755614558e+00
-5.559126758493453391e-01, -2.524473375404342690e+00, 7.481539844361428937e-01, 4.105831999828654100e-01, -1.138494509382786291e+00
1.231099315514699866e+00, -4.555595426778213053e+00, 3.678483547477015558e-01, 6.808126902692084315e+00, -2.601570521577709072e-01
# Bias entrada
-4.339448810597084538e+00 4.007459748070050232e+00 -4.002931204626883677e+00 2.641623495679274125e+00 -3.682180208668986765e+00
# Pesos capa oculta
-4.941298930035907588e+00 4.121148270820199078e-01 5.995010611468019945e+00
-2.121018797746190732e+00 8.882323983736572615e+00 -5.527863680280709069e+00
-5.313568141937340172e+00 -7.244499028758760728e-01 6.908965435641446717e+00
-2.296317776037423819e+00 8.885062157247803682e+00 -5.399148921660362532e+00
-4.961148495376715317e+00 -1.774679720938256766e+00 5.410044904834934165e+00
# Bias capa oculta
6.802195157894605160e+00 -1.058978354054792703e+01 3.787588382653323205e+00
