# Pesos entrada
-1.560290651056047140e-01, -6.069434661469729209e-01, 9.553472753156197483e-02, 3.850073672176478889e-01, -2.369519491667118061e-01, -5.993478222982939752e-01, 4.388187413650820878e-02, 2.882983296235694937e-01, -1.338567778466946689e-01, 6.598730365974474210e-02, -9.514388553890524083e-03, -3.748784061755500718e-01, 1.131910850132566843e-01, 2.284915471568323142e-01, -7.272977368767168842e-04, -5.507804763175974117e-01, 1.056765133912432042e-01, -1.520986855385861487e-02
1.299986230283629342e-03, 2.677039006008806177e-01, 4.113018580128648960e-01, -4.658523573512476923e-01, 2.029543017536615257e-01, 9.250839465738618095e-02, 5.819814472262981875e-01, -2.666460694304053497e-02, 2.690591183757187060e-02, -3.831266228213616731e-01, 7.194131367692518930e-01, 5.512213496283508568e-02, 5.419342854139039961e-02, -3.331158235856742644e-01, 4.459835493393091710e-01, -2.224607640757940707e-01, -1.244482445015618749e-01, -3.030870001277584103e-01
-2.295375947584587795e-01, -3.422034229137564387e-01, 1.443632456779468387e-01, 8.468632029493169400e-01, -4.575246791184761630e-01, 2.622760374368433567e-01, -2.444156987728845487e-01, 2.173546150142527389e-01, 3.931971273375658993e-02, 2.513799495847491780e-02, -7.252643272097313298e-01, -3.621457850304540815e-01, 4.697283274620406845e-01, 9.298671756894147725e-03, -3.761964819752048883e-01, -3.440503820329051110e-01, 3.511334287704155899e-01, -4.315849701713802000e-01
1.875246943246806075e-01, -2.550573389754735021e-01, -1.457535232449309048e-01, -5.975243918830452916e-01, 1.836152915059256485e-01, 7.679130732693890959e-02, 5.173201584437645550e-01, -1.874083622152353246e-01, 3.485743282266309806e-01, 1.793115618059669680e-01, -4.300404720235841971e-01, 7.665152218886543689e-02, 2.276956497181796546e-01, 4.182967258333631921e-01, -4.534382766997654968e-01, 2.528024043993968850e-01, -8.893900480922788121e-02, -7.732733399017747977e-02
-2.127410003902237556e-01, 4.465221506572532029e-01, 9.073622938793687864e-02, -9.943443209244925973e-02, -1.728971298946324064e-01, -2.623376066193362499e-01, 2.236624871086218824e-01, 4.174724261967849848e-01, 1.617836770338199059e-02, -1.704467306063739418e-01, 4.331622685770367132e-01, -2.408134195109445930e-01, 1.432320752311087853e-01, 1.316913192576383840e-01, 1.747098061065764096e-01, -7.229720368179518575e-01, 2.332990428113256853e-01, 1.106921792350481076e-01
-3.036147481960426164e-01, -4.460870773385672838e-01, 4.347685129744199295e-01, 3.801672938200506002e-01, -3.907238800620161379e-01, -2.800001398457235835e-01, -2.077286584679793324e-01, 6.828365144015013932e-02, 1.379392046788155239e-02, 3.298342584190648297e-01, 6.158966499611056022e-01, -1.903838946476189009e-01, -2.236504377378097930e-01, -5.808253092042314075e-02, -1.492329393236545010e-01, -1.750442364228963280e-02, 1.654714468756170453e-01, -5.939062162803601663e-02
-2.260953973685292662e-01, -1.173708979055010510e-01, -1.273980864494734522e-01, -2.552318396175487503e-02, -2.766261634572485598e-02, 1.043060692362556691e-01, 1.608188751564763597e-01, -7.208904460164393679e-01, 3.530143868319592371e-01, 1.633159850014268832e-01, 3.819602973226837728e-01, -3.761370571489333070e-01, 1.014100739995123790e-01, -1.001907994545361141e-01, -2.051255616126336501e-01, -2.016594470524380178e-01, 1.758752444608297216e-01, 1.631386250292777840e-01
7.507140649437192559e-02, 3.101713020058050052e-01, 7.865600072453064751e-03, 3.717006678751916815e-01, 4.545766727753646624e-02, 9.999812809861303720e-01, 1.727010105959364550e-01, -1.790909592873805578e-01, -8.714639370141838426e-02, 1.630919913597625726e-01, 1.917064592929333677e-01, -9.578600873006072602e-02, -4.409305235826646574e-02, -6.126099824551956008e-01, -2.147359691194425657e-01, 7.541560970773767414e-01, 3.616053845156049218e-01, -1.094619125144659366e-01
-5.352775575622580329e-01, 3.947739351182085604e-02, -4.057316811631005993e-01, 7.086341292037569295e-02, 2.387198201292161370e-01, -6.841954788497632556e-02, 1.988392864289016404e-01, -2.202763190366635593e-01, 4.504061586401777312e-02, -5.370224417990236976e-01, 5.348429283816127366e-01, 2.111719250938858539e-01, -1.510306231286245582e-01, 2.131199402349440442e-01, 1.109751718888303262e-01, -3.131718131546227246e-01, -2.894828810987035150e-01, -2.612979298321484525e-02
4.867170026712117625e-01, 3.761355931637057060e-01, -2.209960727847081197e-01, -4.025498651767476233e-01, -5.245586318303691042e-01, 1.442251820755006686e-01, 1.921433849723914317e-02, 1.804994873268321587e-01, -2.022051434302990502e-01, 9.034606522507708515e-02, 2.559980175635452881e-01, -6.913704574591981178e-01, -1.176656212806199003e-01, -3.027145393918513339e-01, -1.406806718911885468e-01, 1.311466840688456370e-01, -1.363609725221435164e-02, -8.100149379713957876e-01
-7.542870470051133980e-01, 4.942420085140292185e-01, 1.762607448961794054e-01, -3.532606528479138031e-01, 6.457795719215383978e-02, 4.761234584618374843e-02, -3.891422354647332618e-03, 3.064432552175235247e-01, 5.525982123961578063e-01, -2.761415077386627503e-01, -1.751722568503002175e-01, 3.638747378816564737e-02, 5.186365815930126244e-01, 3.453698916647421346e-01, 4.423342705139604036e-01, -2.558827664713132499e-01, -3.015969858257958047e-01, -6.361817182951039207e-02
-2.136779531136326626e-01, -1.148521097876714220e-01, 1.300767408162011585e-01, 2.596226827469258480e-01, -3.536725839545137168e-02, 5.932775816625662779e-01, 2.794881506712278973e-01, 1.834506843114691310e-01, 5.450075699253879025e-01, -9.257894658265042320e-01, 1.031212723889944477e-01, 5.324804879861504414e-01, 4.092389818189482581e-02, -1.890880433079825951e-01, -1.076615830137679641e-01, 3.442257735180240807e-01, -1.722645415093205512e-01, -1.505701584770486046e-01
-5.019295376310428658e-01, 6.295338374051534513e-01, -3.555050453366842556e-01, 6.392103762375127285e-02, 3.103399756057739767e-01, 2.332103296099949652e-01, -4.276302077750085417e-01, -4.254363083934253886e-01, 1.291662263466621108e-01, 2.788227665688912116e-01, -1.753221441185532636e-01, 2.167473949472243644e-01, -3.896891236956395166e-01, 3.047508706818619628e-01, 3.926511190945227228e-03, -3.106166634862756459e-01, -2.708022389086282011e-01, -6.252076375308275591e-02
-8.113070466886433685e-02, -9.136501428320967788e-01, 1.889559279468219499e-01, -2.831550205251119889e-01, 1.919691525125352682e-01, 1.002852467867028537e-02, -4.248807270632590227e-01, 3.046121267803719723e-01, 5.853648069842611878e-01, 1.924492381616472736e-01, -2.317425320411513057e-01, 4.797758159632181107e-01, 2.779133066684886799e-01, 4.132448400782179343e-01, -4.406382866343862281e-02, 5.864420467605841597e-02, 1.150974477917368621e-02, 6.233015100994913071e-01
-3.320848357786862493e-01, 1.757741311351793956e-01, -1.386164913090820183e-01, -2.439173252635659650e-01, 4.387224168159359894e-01, -4.628482033931001494e-02, -4.034745909221252452e-02, 6.693045010760026448e-02, 3.817717893805696594e-01, 5.599922794021061634e-01, 3.438041946400325344e-01, -2.959345529140796627e-01, 2.103615036568213734e-02, -2.131427589301378434e-01, -2.409868941208167803e-01, -5.937309048488661478e-01, 1.845036171260382996e-01, 1.986370320508335299e-02
-4.339461947784530871e-01, 3.620085617750825602e-01, -4.226639511286915396e-01, 1.581743864380797393e-01, 1.059248522342522564e-01, 1.536770159174015993e-01, -3.984963255525797443e-01, 4.248287481483111194e-01, -1.217579095856743815e-01, 8.065118098136461744e-02, -3.585641895926047762e-01, 2.032509908202042581e-01, 1.775130214713774579e-01, 2.286750839627176290e-01, 7.478504281978687329e-02, -3.007816519185598780e-01, -6.889811049128178114e-03, -2.515143659933996578e-01
-1.772617108992005364e-01, 7.264693085285525154e-01, 2.816908796593601827e-01, -4.663621091611262065e-02, -6.764804282612296715e-01, 7.107219295880636521e-03, -1.018252082266348363e-01, 1.653262341028093885e-01, 2.165914452390761968e-01, -9.846233816946541040e-02, -1.084435085580924968e-01, 9.155794897342152405e-02, 4.510571333029773228e-02, 4.768987243204124149e-01, 6.290416395371906111e-02, -4.740450805621432978e-02, 1.760262517695113105e-01, -5.239406559644856909e-01
-8.223892381297008558e-02, 2.167248767884291105e-01, -7.323603684453384721e-01, 5.644230299971230158e-01, 8.291832556210146365e-02, 5.916276660374369251e-02, -1.518210589346330464e-01, 6.892992276337276403e-01, -1.704755496470151954e-01, -2.512193157681390510e-01, 2.322741489724795272e-01, -1.224950149792047444e-01, 3.080310348885739180e-01, 2.824169978160996353e-01, 3.046324149560560371e-02, -1.420797861399530071e-01, -3.397825986564040335e-01, 4.908736606388955925e-01
-8.143713678912294363e-01, -1.321572685635479250e-01, 2.711264772231549158e-01, -1.253691792152746010e-01, 8.472532122049959702e-02, -7.031451058453887758e-03, 9.620106617407769845e-02, -3.610817443728554510e-01, 5.266072674340254167e-01, -3.310604180791875129e-01, -6.137142499578714105e-02, 3.872867281890519930e-02, -3.563901006810817756e-02, 4.597390432658213788e-01, -2.365478700583246996e-02, 2.611605084228300622e-01, 1.982114973927635859e-01, 1.227709491254891927e-01
-3.171207042591812075e-01, -3.600289742113338409e-02, -1.335881806203815525e-01, 5.763516071052935397e-01, 2.096831701151558591e-01, 5.137519241591406161e-01, 1.133759808092256738e-01, -7.349360814046321799e-01, 6.959344287747246671e-01, 4.979834638564544225e-01, -2.779669331764802465e-01, 2.511496813968034370e-01, 2.855751535614607928e-01, 5.097810641122383357e-01, 1.376921079173507867e-01, 3.144876722963171889e-01, -2.752563877024483824e-02, -1.870863855630851003e-01
# Bias entrada
0.000000000000000000e+00 0.000000000000000000e+00 0.000000000000000000e+00 0.000000000000000000e+00 0.000000000000000000e+00 0.000000000000000000e+00 0.000000000000000000e+00 0.000000000000000000e+00 0.000000000000000000e+00 0.000000000000000000e+00 0.000000000000000000e+00 0.000000000000000000e+00 0.000000000000000000e+00 0.000000000000000000e+00 0.000000000000000000e+00 0.000000000000000000e+00 0.000000000000000000e+00 0.000000000000000000e+00
# Pesos capa oculta
-1.228476031682495251e-01 1.139390063230151240e-01 -5.637125418373493124e-01
6.535696184588253577e-02 2.259163693976309617e-01 -1.097348909198354733e-01
1.501709744616495090e-01 -1.848605951652183554e-01 1.370264251628232066e-01
9.314531096025659151e-02 -6.610683095071637760e-01 -2.535356536188440035e-01
4.553347440159444953e-02 1.344985256699428866e-01 1.731074903683542665e-01
-2.732703796619783132e-01 7.226168876128801211e-01 -5.765310219322955509e-01
-8.089479304372382273e-02 2.452160136944980806e-01 -8.417308371752107998e-01
-3.035339509726252549e-01 -3.155899980390162174e-01 1.308108157293575713e-01
-1.041142007982615372e-02 -2.362045983121173198e-01 4.849779488497744234e-02
-7.360259563418978246e-01 2.050385746875073023e-01 -3.622345702442067994e-01
-4.278263929800207865e-01 -2.403207134011965951e-01 -2.300903936478717118e-02
-5.982855899241151798e-01 -3.976217140014801643e-01 -2.328083225839340797e-01
2.690605666744926294e-01 2.948091508760009027e-01 2.195422729341633405e-01
-1.366974737416729591e-01 2.533548601087821650e-01 -5.823524077973813995e-01
2.191788391214743309e-02 2.389813100665526824e-01 -4.754338546406673416e-01
3.435009722341028082e-01 -5.676080618140988410e-01 5.770305446917770031e-02
4.043057121027648915e-02 1.213803421077843669e-01 -2.391417081338837458e-01
1.591494464040319468e-01 -1.888421488520449637e-02 -1.289534015218838647e-01
# Bias capa oculta
0.000000000000000000e+00 0.000000000000000000e+00 0.000000000000000000e+00
