# Pesos entrada
-3.488132146870975281e-01, -6.104579437897618144e-01, -4.747299903984946168e-01, 5.858390825817019060e-02, 2.990073609741441540e-01, -3.512170424243640787e-02, 5.377906982460217700e-01, 4.717894504965411406e-01, -2.259036839599556368e-01, 4.576031303330353045e-02, 1.430029364712107065e-01, -1.644280136385115887e-01, 2.019186018607022903e-01, 1.448238376390885429e-01, 6.960550332022308329e-02
-1.953987105590737350e-01, -1.862193091366944608e-01, -4.270246779114368341e-01, -5.481439087796371457e-01, -2.220470106789382558e-01, 4.675891317017130122e-01, -5.739390740163209381e-01, -2.313395821798891472e-01, -3.839732756262055902e-01, 5.268151296745687828e-01, 3.146656610561831408e-02, 2.898583524284591983e-01, 1.021011766619022744e-02, 5.213975904914422976e-01, 3.279881109456579402e-01
-1.057311862615325504e-01, -2.019731718456764247e-01, 2.552750681924460530e-01, 1.608025054200820925e-01, -1.053601153200102031e-01, -2.775411267006047122e-01, 1.626569759910291568e-01, 5.401300960429969988e-01, 9.903902724150041165e-03, -4.140701520633321420e-01, 2.817619473776030170e-01, -1.043397245562611569e-01, 1.239769188307670161e-01, 3.590158492283072045e-01, -5.640143986747444549e-01
-2.220521430596938683e-01, -1.914180807015642694e-01, -1.965755629006014360e-01, -3.080694280462020207e-01, 7.072365751486886509e-01, 7.302181981124068466e-01, -1.715504987416591187e-01, 5.942913274723832240e-01, 9.120678441999824360e-02, -6.056155538980172448e-01, -2.048338606835391207e-02, -8.122386012393006949e-01, -1.642114233141654944e-01, 2.205298752332393586e-01, 3.428311717165801742e-01
1.027924953733850080e-02, 6.926763033505653477e-02, 5.613866961044302606e-01, -4.172964835046262255e-01, 1.535391129011783318e-01, 5.536078439042040333e-01, -3.854853424011593366e-01, 3.063331250038893727e-01, -6.153016808754689926e-01, 8.723585121336571158e-01, -8.928081407237915823e-02, -1.734810360415584285e-01, -1.376113446741423496e-01, -3.162120673282774880e-02, -1.598598539864236057e-01
-5.275183038273432296e-02, -5.681250040698075654e-02, 4.239154173514049773e-01, 2.653195448178488625e-01, -5.307823135105720069e-02, 3.644014880839701043e-01, -4.183964196699319626e-01, -3.585616630938479599e-01, -1.866508072808249763e-01, 3.506021251386216842e-02, -1.029738381743059913e-02, 9.403011300277716936e-03, 3.436878833632395908e-02, 3.372900537783865560e-02, 1.589033171092904817e-01
6.056252792947775659e-02, 2.463012059592411054e-02, -5.974217222836109009e-01, -9.901950685826289497e-03, 2.731300365697520438e-01, -3.700312519675507672e-01, 4.313663263779166090e-01, -3.034279548796624537e-01, 2.265199020294754728e-01, 1.766690674132218031e-02, -1.204668483889461544e-01, -4.704016823507249923e-01, -2.121538518185865294e-02, -2.344809386969281401e-02, -8.858654635808578537e-02
-3.035568416625059052e-02, -2.157496593528812345e-01, -7.786029384263826181e-02, 5.789518253382049950e-01, -6.433618204307216260e-02, 3.538668066940385271e-01, 2.685303801666386048e-01, 2.884753497977398870e-02, 1.216714470388605557e-01, -5.481918904375762125e-01, -4.537428239072611308e-02, 2.069754059949388200e-02, -2.817537818448984099e-01, -2.675889387065430447e-01, -2.427126750213781381e-01
1.117011058250478306e-01, 2.659110988520271279e-01, -5.935834442095523356e-01, 3.648580840742114001e-02, 6.895171033705649322e-02, 3.599082304345056771e-02, 2.305127326747174465e-01, -8.483702011642049734e-02, 1.251503367837288744e-02, 1.888934301623538259e-01, 5.708589458829889385e-02, 3.973445819931881867e-02, -1.295902256302872979e-01, 2.253182088048678311e-01, -6.380056140263105913e-02
-6.952944379492284055e-01, 2.909381242446328411e-02, -1.742284534667145335e-01, 3.211607569697078057e-01, -1.527494796181539660e-01, -3.547798578638261535e-01, -3.618042958233852469e-01, -1.663093738914335484e-01, 6.757343418881553987e-01, -1.820602518589056751e-01, 3.548274072676640273e-02, -3.553382689746065193e-01, -1.560150999546288386e-01, 4.820996313467573735e-01, -3.501396612871949809e-01
-4.637013310706008529e-01, 1.400655417470046855e-02, 3.724520852931960391e-02, 3.417909481016944695e-01, -1.521895992835143284e-02, 3.273568857345182104e-01, 6.087532209810343764e-02, -5.428839258742177570e-02, 4.214926744689549420e-01, 3.214222756417625670e-02, -2.659211301563659258e-01, 2.104370100751120146e-02, 4.727266769576755623e-01, 3.842740691725261143e-02, 1.924304932994512773e-01
-1.728558041852067406e-01, -1.193089843049615212e-01, -3.933530078208971603e-01, 2.149510559487241290e-01, 5.499617386317219581e-02, 6.602001827987062643e-02, -2.586581605796254291e-01, 9.459177773312432702e-02, -2.670300842837227684e-01, -2.825378462656247813e-01, -1.187823758346891329e-01, -2.475213608952603339e-01, 1.108877548822396752e-01, -1.272603756216724447e-01, 1.850745132850500126e-03
1.643642573641649618e-01, -1.820845629837868074e-01, 1.166505407790283944e-01, -1.877838053354715930e-01, 2.319600177308621947e-01, -1.165794508540769769e-01, 3.199367766219720632e-01, -1.933273814413246083e-01, -5.925307605573419956e-01, -6.692906002822600862e-03, -4.654090229537802825e-01, 5.734363818841818616e-02, 3.977009393806776871e-01, -3.703656472890894391e-01, 2.641866258972371262e-01
7.632596207226397022e-04, 1.186193740198171337e-01, 9.058476900971296902e-03, 3.194986189606305871e-01, -2.159628390795999275e-01, 8.086629954431951567e-03, 4.502629787883720702e-01, 2.505395424560021844e-01, 8.742287762210895763e-02, 2.062434031836912762e-01, -3.543955799982276278e-01, 4.842095587617271067e-03, 3.381172325743173057e-01, -1.646052289866175786e-02, -1.188119355648834391e-01
7.264598988193687878e-02, 2.661935630349900328e-01, 3.040668527511913855e-01, 3.069840011324882489e-01, -2.118569282335677484e-01, 3.340281465074235734e-01, 2.003005098103820547e-01, 2.442253791900328985e-01, 1.922001976900722109e-01, -1.706050636999778269e-01, -8.578285363352004811e-02, -3.052329872144087242e-01, 2.392668362263253579e-01, -9.645971930524603610e-02, -4.511350941176252016e-01
7.433632834227861530e-02, 1.545064316417463501e-01, -1.608242731051813534e-01, 1.199145120167950142e-02, -8.968710909771072937e-02, -3.400066460558978099e-01, -5.003303592868895144e-01, 3.446350451943517301e-01, -4.204852506159070802e-02, 6.401965503305040439e-02, 1.242651912630417937e-01, -3.899214122294729634e-01, 7.198684591573755176e-01, -6.970849119925530413e-02, 4.977212834535470198e-03
-2.035095873919622045e-01, -3.683270978795917805e-01, -1.857915055045544772e-01, 3.682230064782341938e-01, 8.592503210419115411e-02, 1.781093175490856551e-01, 1.638485285501858554e-02, -4.355561414922008434e-01, -7.122727268947068313e-02, -2.716334402069981446e-01, -4.958764917562761415e-02, 2.397470158622601044e-01, -1.787176929569976869e-01, 2.414049523470241931e-01, -6.842002263862878575e-01
1.143053685522637253e-01, -6.746694431419657523e-01, 1.312431613328105540e-01, 4.307381297037753826e-02, 1.066655311345770379e-01, -1.128682959215657339e-01, -6.387899901363632837e-01, -4.052148934945205005e-01, 2.921404067177884034e-01, -2.924238816917827388e-01, -3.993284940340687261e-01, -2.571224224422742621e-02, -3.713629413416634217e-01, 7.150559886164625789e-02, -2.286168457738396442e-01
-2.340671091717706764e-02, -2.166890460759051673e-01, -4.055467708139463556e-01, -6.649190666432842622e-01, 2.256668265257510617e-02, 9.093845402707373404e-02, 5.004512179144409156e-01, 1.550669495968177714e-01, 4.506546635809918766e-01, 3.166491119374523766e-01, -3.300527270719009199e-01, -1.829088000121772972e-01, 2.218807431945769848e-01, 1.261767340281597927e-01, -3.911722658368036454e-01
-2.143182058286545733e-01, 4.609377386287089040e-01, -6.035794297527898866e-01, 1.890501970598273684e-01, 1.463489212956759489e-01, -2.519460830055101352e-01, -2.029949537528557557e-01, -1.235570399252835516e-01, -2.364780981049861563e-01, -1.557891954912382637e-01, 1.284550786665356603e-01, 5.720198537342111589e-01, 6.734652767481064117e-01, -9.229081018839650763e-02, -2.430419837144305595e-01
# Bias entrada
0.000000000000000000e+00 0.000000000000000000e+00 0.000000000000000000e+00 0.000000000000000000e+00 0.000000000000000000e+00 0.000000000000000000e+00 0.000000000000000000e+00 0.000000000000000000e+00 0.000000000000000000e+00 0.000000000000000000e+00 0.000000000000000000e+00 0.000000000000000000e+00 0.000000000000000000e+00 0.000000000000000000e+00 0.000000000000000000e+00
# Pesos capa oculta
7.469858762004634167e-01 1.924989898227904075e-02 -4.276729249263360177e-01
6.306293859192824147e-01 -5.331075718267184183e-01 -2.022500090570500397e-01
-1.320545590390557467e-01 -9.257893320039276008e-02 1.089485343898765430e-03
-8.255601245065551097e-02 1.726767999776545603e-01 1.139390911811781482e-01
7.494528421732287171e-01 -4.731600544392885466e-01 -8.600053919071563024e-01
-5.605172064410125499e-01 1.545223731579099813e-01 6.956104843242670865e-01
-2.035222455406435760e-01 5.360028505992731063e-01 -6.690743489643957709e-02
5.297904560828519127e-01 3.792690452939520007e-01 4.279453399898942023e-01
-6.044388310643367124e-01 -6.769929611368948053e-02 4.272355819359891504e-01
5.244277268485733057e-01 2.405495676597452503e-01 -3.182572376527643687e-01
9.656984556030770439e-02 -3.527662461748637956e-01 7.307532675342894857e-01
3.886209012350190783e-01 -1.703700142780709692e-01 -4.297227548132767638e-01
-1.710508037422502903e-01 4.447266058964077784e-01 -1.340709833601002599e-01
-1.873775597153547190e-02 8.630559804348990338e-02 -6.922068216629509996e-01
-3.768293513934093952e-01 -7.494454288282287324e-01 7.862767382568139896e-01
# Bias capa oculta
0.000000000000000000e+00 0.000000000000000000e+00 0.000000000000000000e+00
