# Pesos entrada
2.831034158535352674e-01, -3.356690289133735794e-01, 5.261245343604395996e-01, -2.331868702355342771e-01, -1.184587437185637970e-01, 1.834642230510347138e-01, -3.627060127681578927e-01, 3.519318207589944986e-02, -2.314933033469085757e-02, 4.151555099955103745e-01
3.880909331940469720e-01, 8.466550200102576640e-02, 2.078958513035954747e-01, 2.523598832070177156e-02, -1.120794756886039738e-02, 3.805519137626509757e-02, 1.041303291817961274e-01, -4.369228845491734264e-02, 2.351748991667534580e-02, 3.870802108025626076e-01
-5.747755401868392261e-02, -6.534914528943956968e-01, -3.780887818075823886e-02, 1.876168895895683197e-01, -3.827881993469945954e-01, -1.490660761377497756e-01, 3.661718187931776169e-01, -1.787342399844727980e-01, 1.804197336996066214e-01, -5.086113372847472780e-01
2.772146605339819159e-01, 3.463900260749880888e-01, -3.566631661038028311e-01, 1.833768385481833740e-01, 4.326437054000390470e-01, 2.118639546464037848e-01, 4.027227004534114085e-01, -1.705521903317556154e-01, 2.544475443099507295e-02, -3.135730408842504757e-01
-3.556999107962777878e-02, 2.772981365045724678e-01, -7.540868820404261763e-02, 3.483110592859527399e-01, 2.339124445488911797e-01, -6.129346710120081587e-01, 3.217174133655749668e-01, 2.150811948424890402e-02, -2.227057514780237113e-01, -1.264622391164779425e-01
5.385007202541177707e-01, 4.798217288813872439e-01, 4.463078856774078673e-01, -1.063144327434597664e-01, 2.091324196280114900e-01, 3.874868114718438838e-01, -7.075293645659613828e-02, 2.039422547583647771e-01, -1.652811013192040934e-01, 3.256059094827378764e-01
2.575534290972368301e-01, -2.864243167772533849e-01, 6.486590840013449766e-01, -3.433170600711483306e-02, -2.928416273287764438e-01, -1.848382273672852794e-01, -2.700646731909509546e-01, 1.290201415739268276e-01, 3.959151515007521271e-01, -2.328547847198139398e-01
-1.446125974241417589e-01, -5.498643785097711428e-02, 1.399978070971518995e-01, -7.979614339547520807e-02, -2.318244500232455596e-01, 2.236444020478452477e-01, -8.632063880234699949e-02, -1.138952690036184046e-01, -4.083611547293051758e-01, -7.401916295711568061e-01
-1.389111057613038602e-01, 7.519276695408429190e-02, -2.413639126629514020e-01, -9.732653853182808568e-02, -1.114739297360294382e-02, -2.638944067449434105e-01, -2.858056800460843094e-01, 2.780910937431117502e-01, -6.876874936362199486e-01, 4.270993708133445921e-01
2.514307176283529441e-02, 8.070277572077959594e-01, 1.124650759384945020e-01, 3.587966505003015259e-03, -2.334397441580942090e-01, -2.675492520418458753e-01, -6.224367490033902439e-02, -1.164328586007114530e-01, 3.219205924015234449e-02, -2.816875759236319166e-01
2.902574630016899748e-01, -4.878223755496693959e-01, -3.580626215351065400e-02, -1.679286314036517250e-02, 7.279198116007753461e-01, 7.939444888294489022e-02, 3.553095778521311310e-01, -1.908236364893971804e-01, -4.482623002084801800e-01, 3.068282635161607638e-02
-3.050035750385398509e-02, -5.113820369968969937e-01, 1.171917861037671260e-01, 3.327266969378173678e-01, -3.384287462776638389e-01, 1.801982977187444046e-01, -3.644093176723168237e-01, 1.127843870572752399e-01, 9.374838348222763046e-03, -3.488047864838479672e-02
-2.323776987380621328e-01, 5.115283200766028715e-01, -2.284465820040339767e-01, 3.547150795950480551e-01, 3.443446383536694633e-01, 7.655211729209848714e-01, -4.072438920540638052e-01, 4.317016819336089162e-01, 1.968664495277493987e-01, 2.614074051735160720e-01
1.568419888493729764e-01, -1.294235962976608978e-01, -1.309933652180912678e-01, 3.402970571585400283e-01, -2.012235564003260133e-02, -3.035679004101720646e-01, 2.472210134347676558e-01, -3.513931452284948520e-01, 9.243305903716102223e-02, -4.867101243135529831e-01
-2.203228787009322842e-01, 4.371324609619535451e-02, 1.237446510310177133e-01, -5.143934086430937969e-01, 1.613742113140372580e-01, -8.900923666083240815e-02, 3.920871761878638728e-02, -2.882302815110920902e-01, 2.603906998530299832e-01, 2.792393944999795319e-01
4.381876327892542111e-01, -5.901776670471772096e-02, 3.444240823279893782e-01, 1.482744331777227642e-01, 2.357076097894273206e-02, -3.187253720179410860e-02, 8.582644447227397166e-02, -2.459222999146836730e-01, 2.051201296235317661e-01, -6.037164825370286980e-01
-1.740663975603316260e-01, -3.883727293536264336e-01, 2.118415312469976997e-01, -4.589439220712500100e-01, 7.751073236675709577e-02, 6.720437545932385071e-01, 2.914765986063103664e-01, 9.937964563351438241e-02, -4.234992055437328956e-02, 1.470468443432483840e-01
1.453091278903476946e-01, 1.238704588280247487e-01, -1.184029287582484963e-01, -1.218031644359449384e-01, -3.577383622829510834e-01, 4.246734806144961683e-01, 9.581133477167777523e-02, -2.176267877758936153e-01, 3.151633502299730494e-01, -2.231201916414360387e-02
-2.697333031669468806e-01, -4.816762671262309059e-01, 2.137709774799169959e-01, 4.130518101168343392e-01, -2.681985173968283731e-01, -3.492283694263552396e-02, -9.453854490149544987e-02, -2.958180932831728227e-01, -2.206608041920410102e-01, 1.058549203344809064e-01
-1.358979746493285401e-01, 6.415794737581415053e-01, -1.667496201240653841e-01, 4.354300777442727810e-01, 2.325823100839220225e-01, -2.412944434559958704e-02, 3.811320668093838293e-01, 7.384537459059910269e-02, -6.519300298150572381e-02, -1.764412908430761651e-01
# Bias entrada
0.000000000000000000e+00 0.000000000000000000e+00 0.000000000000000000e+00 0.000000000000000000e+00 0.000000000000000000e+00 0.000000000000000000e+00 0.000000000000000000e+00 0.000000000000000000e+00 0.000000000000000000e+00 0.000000000000000000e+00
# Pesos capa oculta
7.627559738283794522e-01 9.230064620779550311e-02 -2.449090281703470706e-01
-2.181454601481580269e-01 4.718818201031765858e-01 4.510888896238900436e-01
-9.813292242378555963e-02 4.992055784995262369e-01 3.173094485211223059e-01
2.005556945227166543e-01 2.109763498517325531e-01 -8.598370672201969267e-01
1.286737293961755790e-01 -4.353390411850093789e-01 3.813317296108987842e-01
-1.867801623171607972e-01 2.746387485128460315e-01 5.405801073011785585e-01
-2.696944947838727374e-02 -3.128346012657577668e-02 1.924553956107489527e-01
2.088741374795302919e-01 -1.765536072443045779e-01 -2.728061522538342554e-01
-9.494773810701295780e-01 2.971036543104803029e-01 1.342896492761809779e-01
4.623033922992139111e-01 -1.007262914061616138e-01 1.480774816291451079e-01
# Bias capa oculta
0.000000000000000000e+00 0.000000000000000000e+00 0.000000000000000000e+00
