# Pesos entrada
3.667146199486766289e-02, 5.437345841275573743e-01, -2.062315325692654078e-01, 3.062291173792121568e-01, -9.988079515555413346e-02
-4.951323612611596703e-01, 4.490904885871074281e-01, 3.623156222328103304e-01, -2.575913009782214713e-01, 2.775630447922791122e-01
-4.851466516435423704e-01, -4.566046461134066203e-01, -1.525204970376206615e-01, 2.964706783710055471e-01, 2.583768029906456307e-02
-1.880585893028162703e-01, -2.490324059056000516e-01, 4.614395835547537295e-01, -9.734103914653930529e-04, 2.571368214232460647e-01
1.800026239152121010e-01, 4.334320085938735134e-02, 3.138269979781326269e-01, -5.544881119025286687e-01, 3.578274498302306816e-01
-7.863111743113692098e-01, 1.927420503769876892e-01, 3.037273591030508757e-01, 5.044197536982838459e-01, 1.190937558317168438e-01
-8.116356399629529039e-02, -3.803025137403064082e-02, -1.067174418821664750e-01, 2.040335899894165361e-01, 1.063178133745317083e-01
-3.499108225286142182e-01, 1.320511871457284714e-01, -4.058879346341547345e-01, 5.745055196086449462e-02, 8.907963703819381240e-02
7.674706866221439605e-02, -1.752198830173400668e-01, -8.517413921707885083e-02, 3.025978730208072828e-02, -4.727849035754415619e-01
1.118512915058392093e-01, -2.490932362432120295e-01, 5.502102281031558961e-01, -4.729204506994844071e-01, 3.081319406962845231e-01
-2.850034857296029900e-01, 1.720735933572017096e-01, 3.509751194643854766e-01, -6.503054570581805471e-01, 4.896139976949176464e-01
-7.437387272754731882e-01, 5.894567705518847373e-02, -1.225096781965924475e-01, 4.198777535381509884e-01, 4.043780649305048769e-01
-2.695384038244241220e-01, -4.788872960640949694e-01, 1.007991629400681044e-01, 2.943010588159539198e-01, 2.442167662820830532e-01
-1.014143504925414108e-01, 1.809071280412030136e-01, -3.869386981981261936e-02, -4.188039715157289566e-01, -1.202917899186736195e-01
-1.515036796735541313e-01, 4.020052384963813952e-02, 3.978426789636908822e-02, 3.316160175986923031e-01, -5.079080453658071370e-01
3.392616565742908596e-01, 4.731490528357569225e-01, 1.372824019450838706e-01, 4.693529942083158879e-01, -2.482102063945053338e-01
-2.958617530466441936e-01, -4.283079339661593488e-01, 6.520159401284988387e-01, 9.602703708682470973e-02, -1.041364123817686699e-01
3.769384157021649084e-01, -4.800947295210589161e-01, 6.652928033014256920e-03, 7.900117965726448366e-02, -3.293449074635629303e-01
4.855149329312575257e-01, 4.062407659581966646e-02, -1.438600706492157988e-01, -3.503905003845382282e-01, -9.112244280324649504e-02
6.032137089700780053e-02, -1.752764514131027185e-01, -6.505933184159595761e-01, 3.113885678251658851e-01, -8.051725565179268518e-02
# Bias entrada
0.000000000000000000e+00 0.000000000000000000e+00 0.000000000000000000e+00 0.000000000000000000e+00 0.000000000000000000e+00
# Pesos capa oculta
3.407863331580448518e-01 5.321067087000829199e-01 5.929334666559895606e-01
3.008671454310609672e-01 6.386235351828525308e-01 2.939508250957577062e-01
4.536050971591312764e-01 1.314958352688878340e-01 2.858464584002355369e-01
2.850093094547320183e-01 1.084752267031356299e+00 -1.801661169361145620e-01
-4.761032560754368537e-01 -5.823980507792800854e-01 -2.672820046253194248e-01
# Bias capa oculta
0.000000000000000000e+00 0.000000000000000000e+00 0.000000000000000000e+00
