# Pesos entrada
-1.455222570126268045e-01, -6.343215646615849024e-02, 2.662633267620809208e-01, -1.532550101192391712e-01, 7.744637178223268137e-02, 1.369249013659569192e-01, -5.372753995302750329e-01, 3.800489739555815150e-02, 4.417316817914667126e-01, 2.617164032032304188e-01, -1.461771249471238987e-01, 6.696228099169951320e-02, -6.703502677819789257e-01, -3.508930016884307390e-01, -5.626664074107700086e-01
9.100558750990642154e-02, -1.583384303449257846e-01, -2.872629216635695648e-02, 3.042829348297917957e-02, 7.864965390390563083e-02, 1.814233227736629650e-01, 2.889839412388565953e-02, 5.915320509101659741e-02, 3.554870612352684645e-01, -2.669817021033272231e-01, -1.552709401398440214e-01, -4.268065951208148689e-01, -1.383724980880633448e-01, -3.287455304818927004e-01, -5.262156843986665750e-02
-1.762312888289484791e-01, 2.046284248139852990e-01, -1.952766854136260555e-01, 1.630796992674744261e-01, 4.718256231297579539e-02, -3.425416029029744736e-01, 3.779558046141206495e-01, 1.947699706922329521e-01, 5.280345112606741331e-01, -3.383744352229328123e-01, 1.563737185692302689e-01, -1.879893703167466457e-01, 3.926827111097982437e-01, -1.576092072719464665e-01, -5.465683297196076706e-01
5.681070862572841218e-01, -2.868731390324593122e-01, 1.444970090507307625e-01, 2.564302925819575418e-01, -1.179103325496787674e-01, -2.043372496346468614e-01, -5.817749424063936026e-01, -6.340086591929278148e-01, 5.801018648728671900e-01, -4.299108658643725073e-02, -2.188534667084243157e-01, -4.725569314621096417e-01, -2.044349128360865853e-01, -1.326270608651946015e-01, -3.147161930446131795e-01
-4.518971621997029953e-01, 1.348759390336015385e-01, 3.302935606207769714e-01, -1.477647393988614499e-01, 1.052055637228626883e-01, 3.700532203622168281e-01, -1.727724608632033934e-02, 5.145112148428129112e-02, 2.552980361015372845e-01, -1.881086043450359846e-01, -1.656668946629872574e-01, -2.806212173313947233e-01, 1.577171362025178436e-01, -2.309133033115783329e-01, -2.790365582047853454e-01
-7.400824419298284752e-03, -3.108790259515605281e-01, -5.462226100919942429e-01, -7.116393668559235497e-01, -3.323283018843042891e-02, -4.368553766495015811e-01, 2.687253115144289453e-02, 1.088502252736738424e-01, 3.795618665658505586e-01, -2.867374059420992882e-01, -3.623919128956276103e-01, -1.296515108832393404e-01, -6.757911677832337261e-02, 7.043238657563828387e-01, -2.266752917070323226e-01
6.002189794582388771e-01, -2.233485509306906147e-01, -1.496769842176073895e-01, -3.892471461266693300e-01, -6.441397305418046504e-02, -4.041734520234200323e-01, 7.911134976294136312e-01, -1.720011848125499454e-01, 1.782158732329244544e-01, -4.210359231290285997e-01, -6.333148604808994109e-02, 4.475942137942235943e-01, -1.502677201561897768e-01, 2.564268943087115171e-01, 1.508815080164056244e-01
7.781947357790615361e-02, 4.252775288587027358e-01, 1.923968448705472289e-01, 9.259537926861466373e-02, 1.406223597211176402e-01, -1.860942178942256442e-01, 3.101135112111597647e-01, 3.085168175682799219e-01, -8.938584552138674477e-02, 1.710388816894538311e-01, 5.285509502301118934e-01, 7.788519813563279381e-01, 1.840775072085507891e-01, -3.746063863649681247e-01, -4.672699137189966212e-01
5.222316830306517055e-02, 4.492987971453789586e-01, -3.870614043213238542e-01, -2.535021424404141910e-01, 6.064593293105375871e-01, -5.052346153818898511e-02, -2.634544354701088276e-01, -1.340456460920289028e-01, -4.122051435323670354e-02, 3.037481719321105667e-01, 1.125625081325529325e-01, -1.038117780113764349e-01, -5.080299984618106279e-01, 9.280088695690762168e-02, 5.567096322726575175e-02
-9.520161482887597171e-02, 7.464952240785877047e-01, -3.977439020597868802e-01, -3.947685418321003614e-01, -2.068885608700715001e-02, -1.642224069865993730e-01, -6.194391072258081943e-01, 3.268321696849819241e-02, -4.395051583131659445e-02, -1.320098713920788147e-01, 2.641300748508505492e-01, -5.519123864342580232e-02, 1.628980951728272453e-01, -4.079739789705316699e-01, -2.276568768452335439e-02
-3.631735916681251286e-01, -1.965566857716646021e-01, 4.447534387404444844e-01, -1.902507705438995778e-01, 2.291655197795331722e-01, -1.756696462292709759e-01, 4.033138209122868467e-01, 2.944342585327042738e-01, 5.072475721007930760e-01, -2.882679600065180328e-02, 2.139685054859759850e-01, -4.253192010944448764e-01, 2.093686834812270026e-01, 2.528147444046572115e-02, 3.026754337720285459e-01
9.620031946523449617e-02, 2.799280409577815099e-01, 1.573353147211620784e-01, -2.825379122734635318e-01, 3.804034273629451346e-01, -1.132699644109095988e-01, 1.193356304783380895e-01, -3.683630112309280724e-01, -2.190959067811210081e-01, 4.567363484784817684e-01, -5.033900519842331445e-01, 2.599365852185058223e-01, 2.166501361954907556e-01, -1.217433202443138351e-02, -1.563246257569488595e-01
5.959263364525223539e-01, 4.884752130390702662e-01, -2.333176433303493502e-01, 3.368115100409618118e-02, 1.044674485237467726e-01, 3.198398810243122115e-01, 3.697774682528600643e-01, -7.751897296716163677e-01, -2.930662620202664215e-01, 3.192198634793787515e-01, -3.576657061230456014e-01, -2.498071618760511758e-01, -4.147423554314650512e-02, 3.543039235770170658e-01, -2.527939746171406141e-02
2.860803276739201650e-01, -3.591957940592681031e-01, -2.498679920937683374e-01, 4.783054454321588045e-01, -5.691863412268548250e-02, -3.117241455574990550e-01, 2.543326937163240542e-01, -1.282226679327053698e-01, 5.012707623061105622e-01, 8.709550604432406834e-03, 2.025152947444746332e-01, 1.790454482278895920e-01, 2.363443864583641973e-01, 5.915758299245523766e-01, 2.349877978305234261e-01
1.611590368298379539e-01, 6.349816545914205301e-01, -5.187432270300084136e-01, -3.956185937049134793e-01, 1.437791207582378716e-01, -6.631293090454695172e-01, -4.551258742224911086e-02, 2.823365931776808946e-01, -4.037209417789273114e-01, -7.795554480364564644e-03, -4.741273405757771009e-01, -5.413479194797702482e-02, -2.864443898325515492e-01, -8.838689109313446757e-02, -5.182187158703089880e-01
-5.086753930305654842e-02, 4.634043817333088379e-03, 1.169622638215894878e-01, -1.216944013975097411e-01, -2.235683453003291243e-01, -5.652172641156443661e-02, 9.699754849844670346e-02, -5.169009900278493941e-01, -6.842411881728993617e-02, 3.062702928397317281e-01, -3.167893802189915564e-01, -1.212259313478292189e-01, -2.319226049915630861e-01, -3.053913576970670452e-01, -3.060025198663024124e-02
9.102779431749162542e-02, -2.176008170215880666e-01, 5.979524762419095030e-01, -5.700692904557382867e-01, 5.751912768907960216e-02, 1.087958163322940486e+00, 3.563277318241909325e-02, -4.034878005525194822e-01, -1.440664033760469809e-01, -1.885397583681289180e-01, -1.823902949515587013e-01, 4.941320530764395924e-01, 8.708415828969257033e-02, -2.905551215443906710e-01, 6.677969084887810935e-02
2.500678569784225980e-02, 5.749221399312227643e-01, 6.054155504267374477e-01, -1.694589783394200022e-02, -3.288597178400203824e-01, 5.583675451510765608e-01, -2.371575211038523881e-02, 6.709768206997803741e-01, 1.655558440802449571e-01, -2.494102817057952670e-02, 3.022937354250299635e-01, -1.864030335973309747e-03, -2.720507079926311467e-01, -3.041856745199497669e-01, 1.987629931287746565e-01
-6.507324198257052883e-01, -1.384539843086269803e-02, -7.083074116473897508e-01, 5.949117760721328585e-02, -4.190592464641718778e-02, -1.411696337130205203e-01, -5.110449408910291424e-01, 6.325042901392573524e-01, 1.749561869637021316e-01, -2.128361488323609885e-01, 7.825556622829681064e-02, 4.642176546593080461e-02, 2.654885726994586914e-01, 3.678145134463715188e-02, 5.618207974902109658e-01
-8.232654462882736668e-02, 2.021512936541698113e-01, 3.528692270684437027e-01, 7.221639583262273732e-02, -1.956707631873244313e-01, -2.155557909901751890e-01, 7.464229646725872858e-02, 1.007860366396499258e-01, -7.118267851287381209e-02, 1.149281587783965303e-01, 5.838935791611976622e-01, 6.315581169925940097e-01, 5.904219852827365944e-01, -3.575871827029455385e-01, 4.823262575721763978e-01
# Bias entrada
0.000000000000000000e+00 0.000000000000000000e+00 0.000000000000000000e+00 0.000000000000000000e+00 0.000000000000000000e+00 0.000000000000000000e+00 0.000000000000000000e+00 0.000000000000000000e+00 0.000000000000000000e+00 0.000000000000000000e+00 0.000000000000000000e+00 0.000000000000000000e+00 0.000000000000000000e+00 0.000000000000000000e+00 0.000000000000000000e+00
# Pesos capa oculta
5.090471850589693981e-01 -1.225056042335019232e-02 4.939898806786677254e-01
1.900102872863879688e-01 -3.377655224811068058e-01 -2.946078617021995472e-01
1.926178275534598180e-02 5.075717552338324667e-01 1.850283491036611716e-01
6.186865728977677392e-01 -7.282537391589298525e-02 -1.478121650810045040e-01
4.399706026452701590e-01 2.439260316509998527e-01 8.450101079806670024e-01
-1.149094137259513981e-01 3.070750012794483483e-03 1.336707039423181975e-01
1.948077131611224144e-01 -4.075639098590697618e-01 6.368182045364607045e-03
-7.138227860559826117e-03 1.573886785638640429e-01 -1.893153498729674422e-01
4.042060124163610602e-01 2.929732626539608559e-02 -1.298053807675952909e-01
-1.208634377615359495e-01 2.037861455623612428e-01 -7.105961139005655125e-02
-2.671693989029101379e-01 -6.692689331471278480e-02 -1.905217275607984373e-01
-1.230900824090748608e-01 1.216281961532220957e-01 -3.044536301743556161e-01
2.824729829141022219e-01 7.024507647589808279e-01 -1.310046600630991320e-01
-1.754991210286682701e-01 -4.610444718651376256e-02 1.313144217498743438e-01
-1.155333826105803610e-02 -4.370600889009192830e-02 5.272328222467617120e-01
# Bias capa oculta
0.000000000000000000e+00 0.000000000000000000e+00 0.000000000000000000e+00
