# Pesos entrada
-4.754780231424745596e-01, 3.189294849475006188e-01, -2.841472767660822019e-01, -6.210288611275465165e-01, -4.021061830321208119e-01, -7.769962824207354846e-02, -7.130930829328312459e-01, -1.942296346635830062e-01, 3.029591407718893459e-01, -4.139141801710484181e-01, 2.208100570200803026e-01, 1.120052549782507845e-01, 1.427453722608843303e-02, 2.115018239233287523e-01, -4.065157520019238580e-02, 2.825891324248893666e-01, 1.343595685799019446e-01, 2.510876791184977197e-01
-9.216428332543899482e-02, -3.456670567266553751e-01, -2.788286365078080364e-01, -9.023768782728770477e-01, 5.271159176205883479e-02, -8.572949623804357322e-02, -3.994920368756025297e-01, 1.924468450730526803e-01, 4.876303515611878914e-01, 1.531756105358436648e-01, 2.018491280825013834e-01, 1.168487450424793642e-02, 7.650636413375976053e-02, -1.324675966627115453e-01, 4.042119090728777953e-01, -6.495038291844590361e-01, -4.668083261293941300e-02, -1.627579846527751062e-01
3.083818518558629762e-01, 2.489484526887187354e-01, 2.675636397053378079e-01, -6.927170295926793342e-02, -2.652358016307785823e-02, -2.377433031416549547e-01, 5.025884135938744057e-01, -3.384841186765579768e-01, -8.586934825635866853e-02, -1.946012100290042124e-01, -3.794253728701298956e-01, 4.151892894538382062e-01, -2.642145717753940359e-01, -1.910377329545468184e-01, 3.705710269570170468e-01, -6.958253522496505861e-01, 3.229212776638422655e-01, -3.577776747317785722e-01
-9.691160250835106904e-02, -4.549699567570092418e-01, -3.334638474066631830e-01, 6.078147796811130821e-01, 1.130499071332583400e-01, 2.385883054526481417e-01, 5.792068975844876233e-01, -2.886744950091438278e-01, 1.685587722365921581e-01, 5.111628777361186815e-01, -1.602369373811679265e-01, 1.712241789206711273e-01, 2.249912570936887513e-01, -1.453798594871075212e-01, -9.313234689491924068e-02, -1.951998162408110915e-01, 2.685449980692791727e-02, -5.149276155198195815e-01
1.457159690339785152e-01, 6.589314738434409735e-02, 4.972572759886964011e-01, -2.049731126823181038e-01, 6.408490399186753672e-01, 3.642867987716774114e-01, 1.251206037530569193e-01, -2.163281204349589149e-01, -2.112581903120593074e-01, 4.793125830377118618e-02, -4.965697272106355253e-01, -5.782166246972950813e-02, -2.911749779685418038e-01, 1.447416549252118767e-01, -2.306346364531617066e-01, 6.022241019366538634e-02, -1.555099283028658630e-01, 1.181428789930253076e-01
5.477205090126564535e-01, 3.008497726312949760e-01, 2.010901294361748803e-01, 3.159449997668924842e-02, 3.329856094212702011e-01, 4.654826238443486308e-01, 1.637332128544768672e-01, 1.657516359047594423e-01, -1.559504926531693203e-01, 1.084333811568126971e-01, 3.921305593289148295e-01, -3.428333283715190305e-01, 2.337887514431072344e-01, 2.967505452619083051e-01, 2.292791739948641383e-01, -2.647636488995500637e-01, 1.580716483078376811e-01, -7.734492378197331819e-01
-3.754371202177953504e-01, 3.525878888752541074e-01, 2.300939054734982836e-01, 5.198554455867426816e-01, -4.965073123198279204e-01, -1.789434905786577157e-03, -5.407930687520708934e-01, 1.377627841601337944e-01, -1.813825502225626385e-01, 9.776294094430887371e-02, 9.792550567408263296e-02, 4.378994673207532717e-02, 1.317039157401942162e-01, 3.417697382009547424e-01, 3.191996704032995513e-01, 2.468220992195136188e-01, -4.886562795021966998e-01, 2.285997086010684576e-01
-3.924561968512958465e-01, 1.938690791417074510e-01, -9.664459253765741997e-02, 2.878110708980703356e-02, 2.390254210957263870e-01, 2.271529069626649841e-02, -6.199942880394733180e-01, -1.628569683284913916e-01, 8.919414672842324032e-02, 4.537031893835268281e-01, -3.340621269427592743e-01, -3.713627515758183284e-01, 3.227183883970047296e-01, -2.101821878600376448e-01, -3.622599980684901300e-01, 2.458577542048294776e-02, -3.457846335223437872e-01, 2.653988784888253738e-01
8.407288627808608972e-01, 1.570691248931452288e-01, -7.838941756113711190e-02, 4.436049057952497487e-01, -6.630718227623508820e-01, -9.642684124716650873e-02, -9.720981176395798729e-02, -4.167399428024780132e-03, 7.875300601509920007e-02, -8.512122018926303324e-02, -1.061141913933406761e-01, 1.658443394648656255e-01, 3.931557086804682299e-02, -4.621345791129780056e-01, -3.196997076059773790e-01, 1.720203296338750076e-01, 2.621394778246567414e-01, 1.756357937120179569e-01
4.751705276311227882e-02, -1.395997116527880055e-01, 1.235896892384856782e-01, -3.934655594538100098e-01, -2.915828445636282629e-01, 6.066119122929768404e-01, -4.702970605480012029e-02, 4.162150702045522843e-01, -4.928987604888843133e-01, -2.291103875108687071e-01, -9.554006710408739778e-02, -3.644468244866555517e-01, -2.589811186773307572e-01, -1.318485454006619595e-01, -2.540141760840234353e-01, 5.193871054465233339e-01, -1.408891116739457439e-01, -2.175628000366550130e-01
4.173179031429145695e-03, -4.991758450793280788e-02, 3.798038758805304393e-01, 5.429765523376999664e-02, -1.093730473615949078e-01, -4.180480255646322196e-01, 3.008819365180338545e-01, 2.071764097871593713e-01, 3.030737559181416740e-01, 8.976877220592406614e-02, -1.350687270211747282e-01, 4.693281006366139541e-01, 5.520740135674231247e-02, -2.931829183905463321e-01, 4.696612993210422249e-01, 2.089375895709888742e-01, 7.311718292485287762e-02, -1.540417548981567741e-01
-3.196438493767948530e-01, 3.335890566303262306e-01, -5.910705840992591664e-01, 2.359460220170535583e-01, 1.380626493389853493e-01, 4.052438384132540095e-01, -1.380890319037536285e-01, -5.565682497969163048e-03, -3.120809937165947012e-01, 7.053236351383542109e-03, 5.806291434451041900e-01, -6.304075638050834485e-01, 3.723449591113878188e-01, 1.488084480393830900e-01, -9.798553455154661307e-02, -4.091538043782138589e-01, -2.452080685293986095e-01, 1.529890022587108156e-01
-1.361860115623172718e-01, 2.538515831573200376e-01, -1.568893348772262483e-02, 1.370123407348740607e-01, -1.907831614979924317e-01, 3.539965603120104887e-01, -2.055537168524188274e-01, -7.940020673220379854e-02, 6.271097294070253347e-02, -3.444618435312363780e-01, 1.244292210636521040e-01, 4.895654062531262091e-02, -3.813390600124135776e-01, 3.999155310308184497e-01, 9.518990612087391279e-02, -2.441465242342504560e-01, 3.598143369194355956e-01, 2.090047081168296406e-01
1.349868270056427122e-01, 8.077644725177690610e-02, -1.424071989210871358e-01, 1.829690668564114969e-02, -4.840644204750000658e-03, -2.633414300328330571e-01, 3.198694026342948638e-01, 2.368346347888445058e-01, -5.383044621658911177e-01, -1.058561760056871137e-01, -4.634203974049529995e-01, 3.300118432168638316e-01, -7.132800850288752159e-02, -2.170427554162981665e-01, 1.937364580031600003e-01, -2.594834878689037394e-01, 3.501643951377828023e-02, -4.607998095024608554e-01
7.543938228794423544e-03, 1.644192568644136376e-01, -8.753671523912082142e-02, 3.419793698744659216e-01, -2.661061537830796686e-01, -2.376035890035038331e-02, -2.434450851067206656e-01, 3.235983921847903622e-01, -9.805206329884151584e-02, -1.803722554562501856e-01, 5.560596429451865053e-01, -3.275536323007273709e-01, -6.171723887772622569e-02, -2.885191872765878740e-01, 1.261069852961654303e-01, -1.534071778846181067e-01, -6.482731567790943339e-02, -5.481910412843907787e-01
-5.114997017556103254e-01, 1.036769179143723352e-01, 4.753642983883226703e-01, 1.467380136914902544e-01, 1.240443613987621263e-01, 8.032048084385390307e-02, -4.440884253577971341e-01, -3.188105904786774254e-03, -4.199088919565033620e-03, -3.033984292186429899e-02, -3.153539123687610912e-01, 1.052993850389254311e-02, 1.225465748961379053e-01, -8.848697798943207238e-02, -5.932746410567316803e-02, -4.899401331798784037e-02, -1.647704901969740954e-01, -4.052039066358590347e-01
2.541649217345877676e-01, 8.079736421591530993e-02, -1.478999080226801877e-01, -2.113763051317220018e-02, -6.411011458035657806e-02, -5.574231175261763482e-01, -1.727523484466959858e-01, -8.518573672254257240e-03, 5.231550330162648699e-02, -2.947189357429357837e-01, 1.409965406993403114e-01, 6.967615846153563108e-01, -2.594570429890702412e-01, 2.016237506343697694e-01, 9.483047125613566775e-02, -5.031232444552961036e-01, 1.358520513198178958e-01, -2.500267725871546665e-01
9.178576886381498157e-02, 9.213500222035366782e-01, -3.627110675238510162e-01, 1.209294531024770192e-01, 2.260744924926053750e-02, -1.398251420274737589e-01, 2.344783025511445462e-01, -9.819801172210035345e-02, -1.330394899661468400e-01, -3.612940635169484271e-01, 1.637778879813484717e-02, 4.606839349862427158e-01, -4.723591288217968698e-01, -6.123762545202524610e-01, 8.946597822474615658e-01, -2.005465658030433640e-01, 3.219134105650259814e-01, 2.862647890464640743e-01
3.274476459323100164e-02, 9.135262985556256987e-02, -6.613127302029677690e-01, -6.614727501712462931e-01, 1.491998699980537878e-02, -3.670460442949699531e-02, 2.384974595696751909e-01, -3.109688053832097565e-01, 4.921331427287498061e-01, -1.446220776389119944e-01, 8.279936357858061480e-02, 3.263140843959562165e-01, 5.520131582197936870e-01, 2.167556934206965880e-01, 7.359914287193364268e-02, -4.042659949451113399e-01, -6.330104305066358572e-02, -2.519891185900957620e-01
-8.978252240837243658e-02, -6.694123904548711090e-01, 2.447212794898602217e-01, -2.253917492579703974e-01, 1.395295424319787370e-01, 4.276588399612190616e-01, -1.623100021998994946e-01, 4.357201776023898465e-01, 7.937041520559193208e-02, 1.754476294261169689e-01, 2.673360722502757247e-01, -1.792475509589045585e-02, 3.311328165011687141e-01, -9.361809818253501170e-02, -3.890672270974727953e-02, -6.776230060375408593e-02, -6.690131661119883000e-02, -3.212741299128532568e-01
# Bias entrada
0.000000000000000000e+00 0.000000000000000000e+00 0.000000000000000000e+00 0.000000000000000000e+00 0.000000000000000000e+00 0.000000000000000000e+00 0.000000000000000000e+00 0.000000000000000000e+00 0.000000000000000000e+00 0.000000000000000000e+00 0.000000000000000000e+00 0.000000000000000000e+00 0.000000000000000000e+00 0.000000000000000000e+00 0.000000000000000000e+00 0.000000000000000000e+00 0.000000000000000000e+00 0.000000000000000000e+00
# Pesos capa oculta
2.119859519728917521e-02 -6.416556462559688256e-01 -1.747453765398554459e-01
-4.558421436429141438e-01 -1.690930458855517959e-01 2.880734045190073700e-01
1.039008910564808985e-01 3.244170787860015670e-01 -5.157910461374185518e-01
-5.524042690032129332e-01 5.062799050974018528e-02 -2.734148481683326137e-01
4.163732727816445434e-01 -6.628002166759730529e-02 1.455554699152881160e-01
4.471460255216357926e-01 -3.231942366072591000e-01 -7.523284604314939283e-02
3.480794443579902225e-02 -4.040439259266540573e-01 3.870093532646692314e-01
-1.338903299713727069e-01 1.099111487811566673e-01 1.353229011505583390e-01
4.069619251601709342e-01 5.777082715051371498e-01 -1.033173603917916794e-01
-5.038853100563587262e-01 -5.893956447957722222e-01 -1.211997258351903417e-01
2.603628744475533496e-01 -1.299170965687105050e-01 1.326861441017738452e-01
-1.019336944906762854e+00 -2.884920791545345642e-01 3.153456597150349761e-01
-7.632171427961131904e-02 -2.745107728394701255e-02 -2.579616223371938855e-01
4.885689614106162315e-01 1.405536431341631309e-01 4.568586508489487219e-01
-5.717716069447642546e-01 -3.761067413590020170e-01 8.507384664264271423e-01
6.025635472226117395e-01 1.954516072561333639e-01 7.266133202678549952e-02
3.248423716825888374e-01 -4.873379294944938378e-01 -4.748338117497477584e-01
-1.652708269111482775e-01 -1.783787854319328070e-01 3.625653759719805747e-01
# Bias capa oculta
0.000000000000000000e+00 0.000000000000000000e+00 0.000000000000000000e+00
