# Pesos entrada
-5.663956775990971471e-01, 1.089470555857122991e-01, 2.080570038930016075e-01, -2.731635508862457207e-01, -2.898755388405943045e-01, 4.227713871745163998e-01, 1.768358151014265967e-01, 2.312960449595693746e-01, 1.539819588187052446e-01, -6.433179227069850403e-02
-9.439986880092447741e-02, 1.443402362573935338e-01, 3.693488976863877893e-01, -2.001497909710014955e-01, -1.858120511567491473e-01, 7.137937839856772770e-01, 4.467527218126969291e-01, 1.832754574203780962e-01, -1.057903736742616257e-01, 2.642179830259417384e-01
-3.578939016538069673e-01, 2.555853509175633892e-02, 8.848505540742485076e-02, -3.190931351768321322e-01, 5.595776268143908272e-01, -2.609921643407270286e-01, -2.470184898548905272e-01, 1.051418434491963733e-01, 2.601159318522989761e-01, -5.277227785093934198e-01
6.447102621813618484e-01, 1.024673559824619273e-01, 2.638852163793655725e-01, 4.825899449333799773e-01, 7.791866337707292756e-02, -1.779675607507891499e-01, 4.300108558438250905e-01, -1.414753726297699188e-01, -3.323768743129918990e-01, 6.699723115209895719e-01
1.129827090345555812e-01, 2.611088400716553570e-01, 2.962455842958222063e-01, 1.072464600171759048e-02, -9.539424642790156339e-02, 2.865458277603281090e-01, 5.196928379283674015e-01, 4.499349593393335289e-01, 1.437347453166766820e-01, -4.597972505876872784e-01
5.954160301367395630e-02, 2.771769780342547840e-01, 3.701253986491203074e-01, 4.551712599298927686e-01, -4.278169712993690199e-02, 4.856140852833577548e-01, 2.676976941886373140e-01, -3.006092282464259968e-01, -7.347227325371750994e-02, -8.939954845939818151e-03
5.715903628574662276e-01, -1.037984049897567457e-01, 9.391875068005990645e-02, 8.869535623777638489e-02, -5.819161095639221459e-01, 1.764577463242486544e-01, 2.982452522153077323e-01, 5.275013157229307970e-02, -4.748696240829006210e-01, 2.756534644830898606e-01
6.187774061789751145e-02, 1.321325647461831232e-01, 9.456353087376691002e-01, -4.838848312027106691e-02, -1.012762914796522667e-01, 2.810681095666219334e-02, -8.910613195189865943e-01, 2.443303271576083846e-01, 1.404893455366113264e-01, -1.236846302575698858e-01
3.757715190024499829e-01, -1.246711986051636800e-01, -5.442554397071097672e-01, -2.276184210428865151e-01, 1.453298117077978791e-01, 1.166762596666124328e-02, 3.586239387861032968e-02, 9.994992273907070679e-01, 4.258074010048469304e-01, 1.164756919873766450e-01
-4.264849270143293292e-01, 1.494340216590713533e-01, -1.611516902201590440e-01, 1.371870288411005112e-01, 1.390088331385696541e-01, -2.783498450423831372e-01, -5.412047850764463153e-01, 3.419191488191212769e-01, 4.587467360843523467e-01, -1.776425090689607023e-01
-1.902263924266611173e-01, -3.988603281264315181e-01, 2.245108103282379142e-01, 5.208763702291642206e-01, 3.320844150144162121e-01, 5.219231011918670227e-01, -2.368505844204015776e-01, -1.961820507421259407e-01, 2.124882885185124248e-01, -2.883158031751790751e-01
2.038922217847082830e-01, -2.418727390599702265e-01, 9.239106411838364161e-03, 7.704983384951703540e-01, -1.683036671118316729e-01, 1.400623324721506080e-01, -2.723120365384461006e-01, -4.111832290241774768e-01, -9.342666754565213949e-02, -2.830050017667847251e-01
3.091125647782799746e-01, 1.446131597005647675e-02, 7.261389899734846942e-01, 3.303640210236806762e-01, -6.929506990932859933e-02, -2.825983111905809864e-01, 3.627563133533540096e-01, -4.130860313943304774e-01, 3.848574271586484574e-01, -1.844217366546194448e-01
3.746756858920076705e-01, -1.013372347805148455e-01, -3.533204322617518600e-01, -4.883118130460642470e-01, -3.813466157734631823e-01, 6.583327903895566102e-01, -1.974019206219925771e-01, 3.870155737996717332e-02, 3.573243796304400033e-01, 5.798555545991793680e-01
-2.286844682078345015e-01, 3.837814766444663239e-01, -6.893158826436369783e-03, 1.025031301756831048e-01, -2.267340578014777619e-01, 1.906611124220071174e-01, 3.489394095848083466e-02, -3.704948815629328651e-01, 3.995898821292975106e-02, -3.925037215393186174e-01
7.029333557277357702e-02, 9.628789966271535106e-02, -2.184597985466361914e-02, -9.752691808998931178e-02, -1.755552840120274405e-01, 1.908665988580185435e-02, 5.019801502255591408e-02, 1.438697813130837277e-01, 1.084002316595795434e-01, -3.612902228458812481e-01
5.046728836299031046e-02, 2.161739106508346955e-02, -2.175861356879693342e-01, 1.421383599411537857e-01, -3.296416161359032038e-01, 4.014763966781711990e-01, 4.001153982996804581e-01, 3.631603734677678608e-01, 3.697670426282007039e-02, 3.889387012896388107e-01
1.175734500411218797e-01, -2.358973502377413323e-01, 1.818302933663487886e-01, -5.804477338789568730e-01, 4.507378748445127759e-01, 1.525221133389047801e-01, -4.482738431669849866e-01, 1.350718213141923196e-01, -3.705852908032432613e-01, 1.051504596751845211e-01
3.260530700875672316e-01, -9.283736786088565840e-02, 1.116768680234122568e-01, 8.249076480491693286e-02, 6.782992832734822120e-01, -3.786199117644293288e-01, 1.141954180806763058e-01, -2.090697903227923538e-01, -2.211152905719466211e-01, 1.853274958245791360e-01
1.232460175790732609e-01, 1.790961700979239457e-01, 4.052936186235195359e-01, -3.408491838030233145e-01, -7.719783525892798259e-02, 4.722164582788551113e-01, 1.165847313119299372e-01, -1.897314374413184013e-01, -4.788889947722809598e-02, -4.685358468463132198e-01
# Bias entrada
0.000000000000000000e+00 0.000000000000000000e+00 0.000000000000000000e+00 0.000000000000000000e+00 0.000000000000000000e+00 0.000000000000000000e+00 0.000000000000000000e+00 0.000000000000000000e+00 0.000000000000000000e+00 0.000000000000000000e+00
# Pesos capa oculta
-1.176647201547883353e-01 1.226498684885112406e-01 2.463671422343857997e-01
-3.019950157119229983e-01 -2.988322125262155571e-01 -5.151971017719977342e-01
-4.685440802755511669e-01 1.407009725468733596e-01 1.225261115675427143e-01
-1.832826316070854666e-01 6.540568980763780682e-02 -6.203693444013972380e-01
-4.842596890815285132e-02 4.155613064475808804e-01 -2.899061818926698675e-01
-7.805361052110246223e-02 3.448942666666207635e-01 -2.504391916905918669e-01
9.933527921956624152e-01 -3.711118225176075758e-02 -3.312283112606748681e-01
2.120903844760642087e-01 3.835383265379724849e-01 -1.531166460337732571e-01
-6.304803376393518510e-01 -2.191407112921853889e-02 -1.303083413018911408e-04
2.139647208979876258e-01 -4.369509281756264740e-01 -4.689540971831302474e-01
# Bias capa oculta
0.000000000000000000e+00 0.000000000000000000e+00 0.000000000000000000e+00
