# Pesos entrada
-2.856217227279793658e-01, 4.098463466207711431e-02, 3.633381869223820115e-02, -3.121244345324650227e-01, 7.285536404447884307e-02
-1.821145920564720966e-01, -4.068533439836928556e-02, 2.821027186173171719e-01, 5.019482193686310989e-01, 4.129221060631914630e-01
4.650098128253732921e-01, 7.386499512800857037e-01, -6.636958342746986095e-02, -4.828197553335739634e-01, -2.049492059882911388e-01
4.823508869736226404e-03, -1.112374676732712925e-01, -2.766302697253685827e-01, 6.926032800810094647e-02, -4.911267866949715066e-01
-1.502482931781883302e-01, -8.366086843062835177e-02, 7.228750533913974596e-01, -8.465732376841106355e-02, -3.546516164748781952e-01
-3.450338674826060603e-01, 5.922848169717046529e-01, 1.398543405104067938e-01, -1.158700908537039186e-02, 2.692229096396960286e-01
-1.456851532795587663e-02, 1.451181892805013078e-02, 3.772543965929179427e-02, 4.951189740749852852e-01, -6.321409799651638017e-02
-5.240580016455830270e-01, -3.428219482483746972e-01, 1.654757649469863756e-01, 1.527829090492741626e-01, -7.468958543612058687e-02
9.922697269956620714e-02, -1.898562010109516307e-01, -2.135430751070054589e-01, 3.705004110155023511e-01, 7.997190423018930849e-02
-4.650060300118620538e-02, 5.802101000793933316e-01, -4.092522906326515053e-02, 4.619427657846865709e-01, 1.547009256390319554e-01
-5.281543205735286239e-01, -1.291604280591703846e-01, 4.944048543684528285e-01, -2.076881603064892334e-01, 2.431067726718295907e-01
-6.526142504345611162e-02, -1.611613575619272667e-02, -2.239253561534039205e-01, 7.098131340537527922e-02, -4.076991439597571487e-02
-2.420528396414819705e-01, -6.235823835790298662e-03, -3.629388598272226818e-01, -8.313247585615681778e-01, 4.937645130907372115e-01
-4.982530939298183692e-01, 5.460984138140254629e-01, 2.729922162321727908e-01, -2.883617331997035405e-01, -2.152285265071327558e-01
5.718297932380334014e-01, 4.567729923319302499e-02, -3.034442259760802146e-02, -6.649323197729606338e-02, 3.189602376420483387e-01
5.210600140624726401e-02, -8.682615895203281420e-02, -1.024301636546593453e-01, 2.048814916052522361e-01, -1.910128005829646591e-01
4.554722988258931293e-01, 3.010817647459478330e-01, 2.830904453282199196e-01, -1.538980261128015080e-02, 1.530151448161619632e-01
-6.885146449766748056e-01, -4.032956141537222261e-01, 1.382346371749266223e-01, 4.199149486431235645e-01, -2.831882069676025515e-01
1.027211325892514182e-01, 3.359142385944162701e-01, 2.879953166370171624e-01, -1.189801667154183340e-01, 1.711029513336351504e-01
-1.884259040044101649e-02, -4.227349974817063982e-01, 2.118616459379162598e-01, -2.376354039648324590e-01, 2.465011037160019097e-02
# Bias entrada
0.000000000000000000e+00 0.000000000000000000e+00 0.000000000000000000e+00 0.000000000000000000e+00 0.000000000000000000e+00
# Pesos capa oculta
6.194874662158650347e-01 8.920022914640207690e-02 2.772037391935862627e-01
5.385749444522049956e-01 -1.330643068350196960e-02 1.806676705709616693e-01
6.082017758014731657e-01 -5.304777375712432796e-01 5.233335942912221705e-01
5.297954059340865829e-01 -5.043973092348756904e-01 1.391186395198054759e+00
4.167582552746810221e-01 -2.513411395855379982e-01 2.729575518610901641e-01
# Bias capa oculta
0.000000000000000000e+00 0.000000000000000000e+00 0.000000000000000000e+00
