# Pesos entrada
6.149967751900227153e-01, 3.317839517605888355e-01, -1.515883909311734057e-01, -2.450155415283103710e-01, 9.757828502795518402e-03, 2.045832036161984446e-01, -1.389097895093795686e-02, -5.832213725541930405e-01, -3.544879516027641952e-01, -4.039631933340322861e-02
-1.269944642950017466e-01, 2.995639745735735604e-02, 7.833148442237693188e-02, -1.165982616691153134e-01, 2.484609653176160782e-01, 5.469572005610018328e-01, -2.633680631953580487e-01, -1.691912112273308566e-01, -2.131793434390181485e-01, -3.432474232084156140e-01
-2.735161840274468181e-01, 1.562993185491960146e-01, 5.509827186182912895e-01, -5.021836014341573007e-01, -3.853437638723946623e-01, 3.582289217074552390e-01, 8.506735070337906324e-01, -2.174960849628087278e-01, -3.328508668396076287e-01, 4.334271424797750405e-01
1.488230697724693408e-02, 3.144431908090748462e-01, 3.064310142027635853e-01, 9.998302707356528096e-02, 1.952895761757313109e-01, 1.808342164227388360e-01, -1.039996526235788948e-01, -1.155080339960476293e-01, 2.246687019990271927e-01, -3.560515878687509073e-01
2.426192327362045043e-02, -3.160108217257451280e-01, -4.857105935478692738e-01, 3.714134924862852113e-03, 3.871471289590351916e-01, -1.697449871506103714e-01, -1.536692964418555074e-01, -4.869466357360959230e-01, -8.396649910062883859e-02, -2.745181528856414643e-01
-4.814514728977778435e-01, 9.608873520754510067e-02, -2.057895183449321985e-01, -1.564629425970796572e-01, -3.301173362951823065e-01, 3.486549184748323205e-01, 3.089401201752969839e-02, 2.773468165424556320e-01, 2.622020877502706515e-01, -8.083519547658607474e-02
-6.599938474845275238e-02, -6.046617042435796854e-03, -3.233393894862302553e-01, 1.669973834017960401e-01, 2.369699051459155381e-01, 3.132567005925666059e-01, 1.210552960704596587e-01, 1.866835728430747132e-01, -5.529833440603565409e-02, 1.355413468755990204e-02
-2.114672311896175494e-01, -2.898137216667616700e-01, -9.111856629273454300e-02, 2.373261641937736977e-01, -4.195290514045363350e-01, 2.664436627263193080e-01, 1.563371765511906986e-01, -2.561050437255703027e-01, -3.098806242623460272e-01, -6.273782530503332899e-02
1.931370074805960346e-01, -2.620839837214976598e-01, 2.099266821562749130e-01, 4.423782292723974496e-01, -1.684988952612878621e-01, -3.399925858928969924e-01, 7.233154713142679881e-01, 2.086498752586113115e-01, 9.851506146644720130e-02, -1.448848017927727161e-01
6.911783663980382297e-02, -2.765729767764440461e-01, -1.030212408871852420e-01, 1.190895554613374679e-01, -1.698328813936933468e-01, -3.098296578782412380e-01, 1.475390993891344260e-01, 4.859722634687447390e-02, 4.595971417858042418e-01, 1.649724077505595465e-01
-4.098048514652208318e-01, 1.051426665509327535e-01, 2.128525203114768061e-01, 1.052892729237238506e-01, -2.128679468593662472e-01, 1.816554646187388267e-01, 1.707392181410947729e-01, -1.176679125256756137e-01, 2.798085241101728737e-01, -3.140546060918878446e-01
1.544234063433833348e-01, -1.514037855307882319e-01, -2.660398896737762309e-01, -2.127657699248496070e-01, -2.694531806746657820e-01, -2.600234065446176968e-01, 3.384451767773810071e-01, 2.075793821094638059e-01, 4.596422131463416549e-02, 1.491648475161733711e-01
4.388477670003713138e-01, 1.424655783791335395e-01, 1.133986495786832444e-01, -6.186292729987710043e-02, 6.284913168950955198e-01, -2.336484470607234354e-01, 1.670013452614916294e-01, 3.020336909791697041e-02, 7.313383953536258322e-03, 2.577032828983927271e-01
-5.046067114108585550e-01, -1.625976250093793263e-01, -2.533274903672632500e-02, 3.340502871743551982e-01, 5.470128613582332378e-01, -5.652941049187661104e-02, 2.051865743095073746e-01, -2.503100828335269035e-01, -3.668538717472891175e-01, -8.373180843344664448e-02
6.853194899576191268e-02, -5.427001427998283667e-01, 4.527640909610864961e-01, 1.558897738329995952e-01, 4.366701680580295508e-01, -2.978957224018515815e-01, 2.376615555610741282e-01, -5.491863547946731344e-02, 1.437057205786690939e-01, 3.894228794800372317e-02
2.009319507571572516e-01, 4.252074083322165965e-01, 2.575335038039186508e-01, 7.249724653938625918e-02, -3.280479189056738631e-01, -9.689873966755073453e-02, -2.649327678650685858e-01, 2.059846281298746695e-01, -1.096755272099400186e-01, 8.565166490466270821e-02
8.073613948744801094e-02, -2.669198652906292213e-01, 3.081244146305825785e-02, 5.665701843170458350e-03, 1.725646303292246650e-02, -2.008372749117842415e-01, 4.383782357579572853e-02, -3.044055294976606985e-01, 2.828840212650570729e-01, -6.793550212886819706e-01
3.714645283665547471e-01, -9.762854143933126505e-02, 2.042029459074785336e-01, -1.683764232158107554e-01, 2.705837041947031785e-01, -1.800975351891576370e-01, -3.410324867093565415e-01, 4.884917168191280079e-01, 5.565517436231808279e-01, 3.104508570559545988e-01
-2.747742607529243819e-01, 1.889335228387794274e-01, 2.359007569327992437e-01, -2.184284478060793122e-01, 5.604267061524607907e-03, 5.278862481512863053e-03, 4.934219750246635061e-02, -7.121386761682402256e-02, 3.330894213258443481e-01, 4.466859258578322923e-03
5.058063338041176582e-01, -2.670011802729075345e-01, 1.190910103153299121e-01, 2.333308638279448788e-01, -5.594694800372933541e-01, 2.027126099227853084e-01, 9.679987865767014643e-02, -3.040656509481243913e-02, -1.272706077210461195e-01, -2.834728494518247710e-01
# Bias entrada
0.000000000000000000e+00 0.000000000000000000e+00 0.000000000000000000e+00 0.000000000000000000e+00 0.000000000000000000e+00 0.000000000000000000e+00 0.000000000000000000e+00 0.000000000000000000e+00 0.000000000000000000e+00 0.000000000000000000e+00
# Pesos capa oculta
-3.759260646141794338e-01 4.927465689462140475e-02 4.530294094613961375e-01
-5.904394755210233825e-01 9.354441001266334821e-01 -5.628079016391672740e-01
5.600754941299003198e-01 -3.425038913408667840e-01 2.037746898956327435e-01
-1.879726864039084067e-01 -7.682976488769091006e-01 1.864510720523739340e-01
-6.488225200291619643e-01 4.416144513447397002e-01 3.613907235507740623e-01
1.091774868687540367e+00 -4.768637896193284043e-02 2.079459323324433229e-01
-4.786786761554031461e-02 -2.478528171098095534e-01 1.174701462691223053e-01
-7.818871228582158217e-01 8.060633556394140031e-01 2.951934728850890699e-01
-1.117123347010914314e+00 -3.129625986117272607e-01 2.931308759676209408e-01
-1.267963339124742184e-01 -6.649476560221255494e-02 -1.616024751001122473e-01
# Bias capa oculta
0.000000000000000000e+00 0.000000000000000000e+00 0.000000000000000000e+00
