# Pesos entrada
3.568969811866348849e-03, 4.417123341073778131e-01, -4.553800657012013753e-01, 2.753587164821078570e-01, -3.354929901787515600e-01, -1.092831074987939827e-01, 2.444115653842198754e-01, 2.747820579105164085e-01, 4.184286036982828166e-02, 2.091151447540483821e-01, -1.723131982554961805e-01, 8.103658272228156378e-03, 3.706019058045436632e-01, 4.347779926439001019e-01, 7.582296041305118806e-01, 1.432772308948226936e-01, -7.648053235146623496e-01, -6.754168329303747442e-02
-6.756425162926086303e-01, -1.462475085665350949e-01, 1.689777646152338386e-01, -1.397198973397703048e-01, -2.863155939416525686e-01, -3.573309779311092393e-01, 2.910239223400575836e-01, 7.762202992099835885e-01, 5.235704231862571278e-01, 1.950605212564599233e-01, 8.039181189945930617e-02, 3.702732645968393466e-01, -2.063845401932629942e-01, -9.960880018725626339e-02, -4.753351085976452728e-01, 3.848383967097738778e-01, 6.918579460423651684e-02, -2.482064692801192254e-03
-1.085651525880679397e-01, 5.595829985381858135e-02, -4.532454408679619795e-01, -2.349601230098768978e-01, -7.874352480071500349e-02, 2.252300533874916355e-01, -2.989938292150374002e-02, -2.585329759441868935e-01, 1.478001378106170161e-01, -1.846872912585431070e-01, 2.185227516598289288e-01, -3.038542703763295605e-01, 1.611795241886838925e-01, -2.514170012892527062e-01, 8.017184314837258463e-02, 1.697961681693193337e-01, -2.378073345572158381e-02, 1.052280562954640841e-01
4.676084770506165889e-01, 4.071372979873337794e-01, 3.461789127914240427e-01, -2.654920670509571257e-01, -1.537886596320171273e-01, 1.324261456592487340e-01, -2.110015944099073466e-03, 4.999002947690279336e-02, 1.990582870807135196e-01, -4.773698893733096527e-01, -2.149978453784949506e-01, 1.537294284823781908e-02, -3.669357702705891566e-01, -2.863115437528878648e-01, -1.187910244865736098e-01, -1.311190505685342345e-01, 3.084526644960296493e-01, 7.517147706968754228e-01
-2.680646646933966190e-02, -1.021299058998751536e-01, -1.165684987618973156e-01, 6.091030694439421023e-01, 5.145974293588309600e-02, -1.140143897993073641e-01, -2.047117057385015593e-01, 2.193587420895034834e-01, 4.654786220574462507e-03, 2.537096724779956958e-01, -3.632361596799148912e-03, -1.501496255898157085e-02, -2.573688483301322938e-01, 3.184569235101240570e-01, -6.279443958972106277e-01, 1.246592704253221551e-01, 1.099023524586999062e-01, -4.699715025257708567e-01
-4.368720945336529438e-01, -1.636972885992651616e-01, 3.485353384456276737e-01, -2.141323310676720160e-01, 2.572163557216339824e-01, 1.997767369745933885e-01, -4.705510856872543446e-01, -2.149580710815968132e-01, -5.114099845356291363e-01, -1.400897011282136728e-01, 9.742117141554838822e-02, -8.290152187639829306e-02, 3.234937184459741877e-01, 1.880149702125314959e-01, 5.082752784798308943e-01, 1.011312871131393870e-01, 2.942001327983823078e-01, 2.109803119147734551e-01
3.253065199363708304e-01, 1.233295913161849486e-02, -2.333199935525497870e-01, 3.672534149427559846e-01, 3.710306029716256560e-01, -2.581362087264361116e-01, 6.728266563632935293e-01, 1.953055003782090682e-01, 2.619779810233662798e-01, 4.248099897449612583e-01, 1.293797905886254762e-01, -4.326428659411931665e-01, 3.631656488760425239e-01, 5.907219097186158230e-01, 1.000079103002999403e+00, -1.743710615093528316e-01, 5.119402668713249893e-01, -3.977006194069052647e-01
-2.068076328633211003e-01, -2.185770213344170043e-01, 7.614013570010520759e-02, 9.880692911233178444e-02, -4.783423365127782989e-01, -2.184494295286744103e-01, 2.047267107102540562e-01, -3.431036132624923907e-01, -3.004097835501923913e-02, 3.216380660081841758e-01, 2.336306972492879219e-01, -2.258037041673041923e-01, 1.859044069530264298e-01, -3.878754118789219940e-01, 1.600002657516689727e-02, -6.529644843312380764e-02, 1.132873345019200367e-01, -5.733112707450994661e-01
4.239556434800613727e-01, -4.356548221628476769e-01, 1.737640075343380858e-02, 1.793061372487559646e-01, -3.837396603676684892e-01, -2.064822094193640711e-01, 3.273032262764841160e-01, 4.914675354607941915e-01, -8.341220241482411035e-02, -1.769951941695464825e-01, 3.456263946455508385e-01, 1.201778153452160852e-01, -8.287594923042937434e-02, 1.534823573028532007e-01, 5.175086227678670214e-01, -1.229037509802748812e-01, -2.376987801543985757e-01, 1.755440345142055686e-02
2.007759498053231229e-01, 2.376189893412730958e-01, -2.596168036807457447e-01, 2.128507526147049855e-01, -3.930523224636220947e-01, -5.179026975155164719e-02, 5.322740886376214897e-01, -3.484510788469240561e-01, 3.200936771750169663e-01, 9.745560242250931454e-03, -1.185364955263791820e-01, 1.464900740832789372e-01, -7.961565282006620448e-02, -3.889000069805746418e-01, 2.688922470126480294e-02, 1.454769551089082069e-01, 3.214456655139724117e-01, 1.015981828096116368e-01
4.466023402822427713e-01, -2.593144313690264324e-01, -5.832971624749842821e-02, -2.067567083450319865e-01, 3.844163460205931027e-01, 5.600807901635105335e-01, -2.198589147751566636e-02, 4.037614240011282163e-02, 2.487375740295237336e-01, -1.023651147767673519e-01, 3.054699240729291110e-01, 1.414022519544957113e-01, 5.123930680804547055e-01, 1.257025162286425080e-01, 8.492003621616413256e-02, 3.030142427486578471e-01, 8.338942150422992694e-02, -1.110987343476157740e-01
-2.751372441102744593e-01, -1.911341237729928186e-02, -9.300817013647648401e-03, -6.196335651254559762e-01, 2.146420839103521938e-01, 4.859093219856912560e-01, -4.079442471665240544e-01, -2.070851677379985101e-01, 7.203260084146745346e-02, -3.297902261105812860e-01, -3.097083336640388818e-01, 1.175881431282149031e-01, 4.231724082366026263e-01, 1.890467662667519866e-01, 2.774917541993718872e-01, -4.073120799323575736e-01, -2.571773721445223121e-02, 1.581112052964591952e-01
-3.279579022166480007e-01, 1.370094626531243864e-01, 5.141028407370998865e-01, -2.475341671757707029e-01, 3.657730050350944256e-02, 2.031012075748898360e-01, -4.501060025677012799e-01, -4.784477040934126402e-01, -6.736086346744907249e-01, -9.529916400109225694e-02, 1.676914537889829526e-01, -7.108696777355617835e-02, 4.024179157931534467e-01, 2.877857708244714319e-01, -1.008027291052019103e-01, 2.082832776954293419e-01, 8.298933821586309545e-01, -1.747911221056485109e-01
2.499021515114401293e-01, -3.581581797129684830e-01, 1.775045280879574416e-01, -2.022999354628621238e-02, -1.543616093865467498e-01, 3.923244165608716916e-01, 3.693463742726225962e-02, 1.754963041739633911e-01, -2.550411412571511049e-01, 5.180072544361458142e-01, 3.581584372531972926e-01, 2.795299372890353573e-01, -8.922475706393385997e-02, -3.538288137360079411e-02, 2.250173432019992592e-01, 2.237186326851310358e-01, 1.668557329252096932e-01, -2.667342876752690564e-02
-9.858644896970866767e-02, 2.847845308265806175e-02, -2.712736488553045833e-01, 3.598986222514176381e-02, 5.339602297194497860e-01, -3.231377566592522621e-01, 1.146082247800020437e-01, -4.493747593682017039e-01, -4.934686256670821614e-01, -5.421650083506651674e-01, 2.300574960170384820e-01, -3.259269173438300027e-01, 1.709256992433819122e-01, 2.711705645907348805e-02, 2.949909256433517202e-01, -2.574190248867596620e-01, 3.493209306175201201e-01, 9.121594512915483233e-02
3.191016191944349711e-01, 1.130145772481842836e-01, -1.660895011004320521e-01, -1.507738779401947282e-01, 4.629717207893599418e-01, 2.513586012289376059e-01, 1.493907675592713868e-01, 1.907140437587853121e-01, -1.362652505833878147e-01, -5.187894830841041083e-01, 2.742804210657265318e-01, 1.552108172047541035e-01, -3.890791427679624048e-01, 4.533105517941853901e-01, -2.860837635475237395e-01, -3.387911558043902871e-01, 1.970048703497888076e-01, 3.961859641154442113e-01
-1.815603894467030313e-02, -5.021592900030790174e-01, 4.212141181499174936e-01, -1.496364116249501164e-01, -6.593222114520862487e-01, -1.198440504355832974e-03, -1.419467253325363831e-01, -4.335789156258669230e-01, 8.747294500894149394e-01, 1.121813914613974950e-01, 1.402355080472729963e-02, 1.194559050588711729e-01, 4.580174847592961319e-03, 1.548359260750619415e-01, 1.972321156675228560e-01, -3.457111256132354149e-01, 5.199323927439190030e-01, -9.970802530247641071e-02
-6.224560927138150790e-01, 3.845286324836017511e-01, -7.919161656699073848e-02, -4.289287422272262118e-01, -1.735011780496615030e-01, -2.590130839043418010e-01, 2.648363018336760688e-01, 2.547393559676305319e-01, -1.441759980553118936e-01, 5.695268254379327877e-02, 2.211323013699846574e-01, 1.804706362694315780e-01, -9.847157869273740274e-03, -1.871377291787026109e-01, -1.193938618797436707e-01, 2.154092796913043562e-01, 1.430065637608728957e-01, 1.898433262078482939e-02
1.811334714459613970e-01, -1.160559047674685623e-01, 3.207908939754087752e-01, -3.511220360637924698e-02, 9.754205788413648770e-02, -1.839067713253496328e-01, -2.191136666331710003e-01, 6.558447537054135079e-02, 5.847840447415508791e-02, -1.891787389493199134e-02, -2.707956592647361993e-02, 3.417527259629867808e-01, -7.644004033365477957e-01, 3.446857879507472799e-01, 8.720502868580709555e-02, -8.128478754867417277e-02, -2.307032243577238420e-02, 9.133308395294685855e-01
1.411604572672781055e-01, 7.009583442146512244e-02, -3.042253749193202794e-01, 2.159902969790870528e-02, 4.675648411310347474e-01, -8.459817467550848069e-02, 2.690582312217578154e-01, 2.661450594146012039e-01, -3.300820071813360124e-01, -8.202786345678381164e-01, 3.443080460514786889e-01, 7.030343987483209656e-01, 3.839673834559392263e-01, -7.261728883780035337e-01, 9.057726555142888575e-03, -6.448899482707500797e-01, 1.524245182006857824e-01, 1.796544754335203387e-01
# Bias entrada
0.000000000000000000e+00 0.000000000000000000e+00 0.000000000000000000e+00 0.000000000000000000e+00 0.000000000000000000e+00 0.000000000000000000e+00 0.000000000000000000e+00 0.000000000000000000e+00 0.000000000000000000e+00 0.000000000000000000e+00 0.000000000000000000e+00 0.000000000000000000e+00 0.000000000000000000e+00 0.000000000000000000e+00 0.000000000000000000e+00 0.000000000000000000e+00 0.000000000000000000e+00 0.000000000000000000e+00
# Pesos capa oculta
-9.447998024316464627e-02 3.752635835829170596e-01 1.848139816186796045e-03
-2.217306295958498819e-01 5.533582901493395712e-01 1.572378894712895270e-01
4.294086324859592851e-01 4.275380874351174532e-01 -3.221424568413604472e-01
-3.349673142196827325e-01 8.057798479765094779e-01 -3.654351235511650309e-01
-3.385876830127855230e-01 1.291548539093821946e-01 1.984745580247419261e-01
-5.987124075495489084e-01 2.208640092044396042e-01 6.817647913827602768e-02
-1.430489692443790151e-01 -1.142314829645544455e-02 2.919396710446666154e-01
2.265310098042955245e-01 2.680521453766643303e-01 -7.649647959132488406e-02
3.793416483105035292e-02 -9.759680468081410182e-03 -6.914846820637970959e-01
-9.693901316784965527e-02 1.301383257553516137e-01 4.272206867354025328e-02
-1.625099348777279962e-01 3.282839094223401477e-01 2.777990522564809800e-02
-4.273478408802489081e-01 3.383115587647406164e-01 6.363546427729707133e-01
2.588631404168602046e-01 -4.187952996964036112e-01 -4.696227170869402556e-01
1.818878965644345203e-01 2.085531199158033033e-01 2.189939765730347931e-01
2.982805089985416935e-01 4.920135513891593648e-01 -9.653940259433405058e-02
2.000538443959224977e-01 -1.615066892032969992e-01 1.313082604546129128e-01
4.580775713255887394e-01 -1.726160455962688911e-01 -3.609519175725644513e-01
-9.918192734638115252e-03 1.256165922081712849e-01 1.988156308674862427e-01
# Bias capa oculta
0.000000000000000000e+00 0.000000000000000000e+00 0.000000000000000000e+00
