# Pesos entrada
3.773684855209918365e-01, -1.646223372838320070e-02, 1.289094007062941416e-01, 3.149426769417275618e-01, -2.923980714481929088e-01, -6.989178254168484927e-02, 2.968201635278671646e-01, -2.479722032724137881e-01, -7.087151301040336970e-02, -2.454042803336107526e-01
-3.569871961979584896e-01, 4.999071396793243194e-01, 4.235418965641412660e-03, -1.940050537994552071e-01, -1.103877691323531737e-02, 1.891057955627508669e-01, -7.468851820576045686e-01, -6.912049581305160229e-02, -4.163833529865645366e-01, 2.810220665874585966e-01
2.172975493643601042e-01, -4.866844311842042914e-01, -2.379024849466727376e-01, 5.326942736348040386e-01, -3.140856135276176575e-01, 2.480138260854300170e-01, -4.698760469349505184e-03, -9.047545298983323062e-03, 4.099108596438311158e-02, 3.422227596255811299e-01
-4.934966350191260509e-01, -9.276643659633742808e-03, -1.245578383452081578e-01, 4.984027446788920068e-01, 9.387738138082418748e-02, -2.098287256374677806e-02, 8.664321348243435306e-02, -5.315401234924364005e-01, 5.855845571257057847e-01, 2.507984549112157735e-01
7.252072007349202876e-03, 3.307634057639851632e-01, -4.245763892828934849e-01, 1.205754891749574731e-01, -3.042141419785727718e-01, 3.555565580785013946e-01, 5.871214380428204510e-02, -4.358419599583032711e-01, 1.339833631026910443e-01, 1.820501390766561534e-01
-1.359461557717365765e-01, -6.169807654633706617e-01, -2.395837071779688965e-01, -2.329956408362528486e-01, 1.651504979965887424e-02, 3.780226775567660513e-01, -4.286637396497790589e-03, -4.948616648686688518e-02, 5.348924001897193969e-01, 5.905795766737578223e-01
-3.865340930440778755e-01, 7.125316874233170693e-03, -3.458236412913236468e-01, -4.228840631454813259e-01, -2.356984728906679483e-01, -1.920870885824352836e-01, 5.353475152675830628e-01, 5.502952087001111714e-01, -3.921228814096957560e-01, -1.496168570562625422e-01
1.098088134276831163e-01, -1.454605061607487648e-01, 2.382358665815705046e-01, 3.789133423304975601e-01, -1.134737889346636858e-01, 2.747016343508444369e-01, 3.103748844783097982e-01, 3.219230975656988680e-01, 2.403344297036601185e-01, -2.260849147660554115e-01
2.522722856755748796e-02, 5.435111877980429718e-01, 1.816755170976082079e-01, -5.752053438777696703e-01, -3.168732968381416382e-01, -4.562929573663888627e-01, -5.087856688347629497e-01, -1.084451923385156696e-01, -4.769923115812687436e-02, 5.150616747252045186e-03
-7.892996577341759856e-02, -2.424358560488120984e-01, 1.948993083856236375e-01, 1.213347153246382010e-01, 2.598527029278525635e-01, 1.480705915589062560e-01, 3.262110710460175422e-01, -4.639057335783035585e-01, -5.043947979815239790e-01, -3.820972424317398697e-01
-1.940004871622910687e-01, -1.406619855739847935e-01, 1.203086778974270382e-01, -2.055430274297419535e-01, 9.642599376188144833e-02, -1.901392935219008429e-01, 6.604341871849685186e-02, -2.963810297140216377e-01, -4.426773944864226262e-01, 7.908449397261244629e-01
-7.050360818257155326e-01, -9.032790902314417891e-02, 7.228014653724760263e-01, -8.516964959536829638e-02, -5.344994709901220720e-01, -1.547412249289753516e-01, -7.207237782469706755e-02, 4.144089620449004641e-01, 1.933222751511128601e-01, -6.391515578279574061e-01
2.444018578168610234e-01, 2.061052367533320884e-01, -5.325413631838465944e-01, 3.182440840591053699e-01, -2.684463686229764390e-01, -3.803657830294094877e-01, -1.968131941333026158e-01, -1.878892326919271230e-02, -2.481749824438844731e-01, -6.277421043787900778e-02
-1.015769673491456609e-01, -5.715362702869883904e-01, 7.997850475252928082e-02, 9.615282968857665757e-01, -2.167283886434299145e-01, -3.455198407700885155e-01, 2.540129134654781073e-01, -3.878800064729239772e-01, -1.135872129197197100e-01, 3.933290489873338402e-01
1.947577489193263733e-01, -4.159963632242698051e-01, -2.855731445655062539e-01, -6.887703349613996107e-01, 1.920247745810713669e-01, -2.053944412159752417e-02, -3.142946147507723609e-01, 2.155060787790112342e-01, 1.665025783584127006e-01, -2.311119134432729205e-01
-3.322560225568068071e-01, -1.574816833684206385e-01, 1.948905662633262925e-02, 2.215279552473000887e-02, -5.267936803075020519e-02, 2.782626010912010728e-03, -9.133441635165645556e-01, -1.603604266423881153e-01, 4.107430080342112655e-01, -5.529771872894757856e-02
3.252317795626022412e-01, -1.254089165122109217e-01, -1.723281684129802926e-01, 9.932821402119744458e-02, 1.015682102725976171e-01, 2.229056197203384271e-01, -2.045268694734003745e-01, 8.848797765274343807e-02, 2.495287552959891963e-01, 1.331646908478596181e-01
-1.100868818318016945e-01, -1.405014199299750299e-01, -8.285297878449954245e-02, 2.386673112715044232e-01, 8.820702302377260440e-02, 7.772919027228913924e-02, -1.107228468378193276e-01, -5.500931337631916884e-01, -6.316728912752794800e-02, -5.950311735460450668e-01
2.285107655758464029e-01, 2.067151178064827455e-01, -3.625084961770457803e-01, 1.134608952683532207e-01, -8.754421508794912876e-01, 4.306107500909596153e-01, -5.214547490238707894e-01, -3.820438933542400495e-01, 3.714021546623662018e-01, 2.351383178641174854e-01
-5.299466904360378150e-01, 1.487298967195583299e-01, -5.120676340796697090e-01, -5.364906553980031828e-02, -2.929248800256548102e-01, 1.240873774783264605e-01, 4.473597613155008007e-02, 4.655422376545526042e-02, -5.867726367499510182e-02, -5.462325230255011821e-01
# Bias entrada
0.000000000000000000e+00 0.000000000000000000e+00 0.000000000000000000e+00 0.000000000000000000e+00 0.000000000000000000e+00 0.000000000000000000e+00 0.000000000000000000e+00 0.000000000000000000e+00 0.000000000000000000e+00 0.000000000000000000e+00
# Pesos capa oculta
6.842954146781619063e-01 -1.108827402979486010e+00 -4.881881244769208615e-03
7.641905414266402241e-01 -2.733771025128072796e-01 3.753695824698241035e-01
1.171989547943836640e-01 -9.178835965837480737e-01 6.198815917664075581e-01
-1.932369136217602090e-01 5.465439190281164983e-01 -1.032637142991073897e+00
5.711374458280593647e-01 -1.705450981186317772e-01 9.240253544915373318e-01
-5.097507018205635343e-02 2.470385130013252051e-01 1.210126490820248174e-01
1.998769007283991983e-01 1.872547032058556604e-01 1.817903944710121400e-01
-2.641813915075008068e-01 1.967708650175608032e-01 -2.169180504547215671e-01
-2.938466523975648004e-01 -6.267347797431833678e-01 -2.805156700780891965e-01
6.738525608301502157e-01 -7.943643772817253756e-01 -3.852783811299164696e-01
# Bias capa oculta
0.000000000000000000e+00 0.000000000000000000e+00 0.000000000000000000e+00
