# Pesos entrada
-4.806196659090680723e-01, 1.107827154465629571e-01, -2.969318000690080450e-01, -5.526563991135253762e-01, -2.080319978331248987e-01, -6.389326365452717704e-01, 2.793088672594389865e-01, 1.310191926936763174e-01, 4.009471507992617978e-01, -4.959768629548640950e-01, 2.069024308264617584e-01, 1.794002982179459527e-01, 2.672074421829139235e-01, -7.388621239603793134e-01, -8.301479095697229804e-02
4.794675576965888864e-01, -1.426681868161799593e-01, 1.909900272748060457e-01, 2.174668478421794837e-01, 2.909834747413405642e-01, 5.072950599744140421e-01, -6.180704006976253662e-02, -1.053070934130653780e-01, -2.035899950703965733e-01, -3.024024787632593192e-01, 3.737296839986955499e-01, -1.887377198073453000e-01, -1.177478087399843332e-01, 3.935947821711045513e-01, -2.988655309786340530e-01
2.094991860577418985e-01, 2.404247108593385307e-01, 2.627405794378175896e-01, 6.422995617473384322e-02, -2.208023912072790418e-01, 5.752630261244753851e-02, -2.898166541433797039e-01, 9.762676170865221270e-02, 2.683619551829543592e-01, -6.622916950874045694e-02, 1.526410073916616983e-01, 3.842472275052890573e-01, 4.643292146659636632e-01, -1.414667368110259782e-01, 2.248931327790912871e-01
-9.566888734109441073e-02, -1.166290170432458806e-01, -8.519165075553902788e-01, 7.538529518705568144e-02, -4.223630593025757829e-01, -7.145083336168371775e-03, 2.602827399480610593e-01, -1.159023241392452969e-01, -2.603214434481612161e-01, -1.719008268663522465e-01, -4.539695426359320329e-01, 1.238233852633474491e-01, 4.564314869052542301e-02, -1.293345527575407716e-01, 7.424484037571444928e-01
1.327290676609243769e-01, 1.931884174452509761e-01, -1.388559035530430585e-01, -2.247969737897879128e-01, -2.148740103746303309e-01, 2.662942066642911554e-01, 4.615892759526107891e-01, -3.063383949351400348e-01, -5.176858653096183538e-01, -5.773966425413804178e-03, 2.633646579858148207e-01, -9.672116690393872673e-02, -6.017317691487893312e-03, -2.907063348342171505e-01, 5.230499779817063821e-01
-1.929534866618251021e-01, 3.011000655745200705e-01, 3.920519860610388596e-01, -2.691901533452535356e-01, 1.532022289556299599e-01, -2.259906747778579750e-01, 2.883012052043361084e-01, -1.202441462704144787e-01, -1.447500357220863065e-01, 4.236198995870431028e-01, -4.872015714623582905e-03, -4.398202660041091588e-02, 3.769362061067907943e-01, 4.199606442873863310e-01, -1.627526892894200772e-01
6.063792689048280726e-01, -1.264357037759600566e-01, -1.317782511737207451e-02, -2.480183015383048001e-02, -1.071963792406749327e-01, -1.736614646313640042e-01, -2.233345117031867166e-01, 2.873714155762437938e-01, 1.020332163884704602e-01, -1.270172047738528098e-01, -3.007525626241371319e-01, -1.321572459068408312e-01, -5.384887607413517685e-01, -3.148525733030587137e-01, 1.954903065650219485e-01
8.854796388873019397e-02, -7.293602421957613713e-02, -4.299986533044232728e-01, -6.238673236597256366e-01, 1.259765215533810712e-01, 4.020355745533089886e-02, 2.193352439579734914e-01, 7.184093958711383621e-02, -5.095938093274905711e-02, -1.219772708320115452e-02, -1.391752028748670933e-01, -2.656575749324220359e-01, 1.572789021495165640e-01, 7.951351249088879358e-01, 2.998821492929026541e-02
2.869501944760524115e-01, -1.163016408442876098e-01, 1.127661843532711539e-01, -5.831156105451572313e-02, -2.435931806149228274e-01, 1.392943733348312729e-01, 1.457636631998636967e-01, 4.603270206551326460e-01, -7.805132796135909323e-02, 1.811528171919376540e-01, 1.234488223439075688e-01, -4.188342570787689963e-03, -1.277940647851776856e-01, -5.281538381763254408e-01, 4.037739234219846485e-01
-2.002699091033300627e-01, -1.761482033878304654e-01, 3.349480232919749972e-02, -7.818727800037587050e-01, 6.646586730049812430e-02, 1.382024589393083536e-01, -5.778714930376369630e-01, -3.078122159612585798e-02, 8.532403294649777703e-02, -2.775668853314981754e-02, 5.108392786779916706e-02, -2.378269159226802376e-01, 1.207739809485959409e-01, -3.326379749929313512e-01, -1.976830845092770739e-01
9.138941551622159487e-02, 3.231223726094484272e-01, 2.134935968024972985e-01, 6.394458545233124847e-01, -1.624126072393332343e-01, 1.802618961382829177e-01, -5.631148196536407413e-01, -2.602724123355000807e-01, -1.632356551363572938e-01, -7.456779089868467714e-02, 2.973557555640007552e-02, 3.773276359995854090e-01, -2.477351251146525934e-01, 3.334934132034925724e-01, -2.248304320096378706e-01
2.540982214726182978e-02, 5.915250265701306465e-02, 3.772962033797446213e-01, 1.761187430887642680e-01, 1.340730657950433835e-01, 4.549136218118893793e-01, 1.511841458426483042e-01, 4.069184784707612357e-01, 1.978386279292197181e-01, 3.669947091229035230e-02, -5.164483999391183966e-01, 8.357348970300662039e-01, 1.584070545370728778e-01, 3.252452284417591682e-02, 1.024319374838346786e+00
-1.377283637967640084e-01, 5.804790021331385219e-02, 7.023317578915476700e-01, 3.188874422282904075e-01, -5.203671420582491880e-01, -3.022371349779348071e-01, 1.275647663822350453e-01, 5.739529727476513216e-02, -3.511655408663364453e-01, -8.881802281042687486e-02, -3.699642733587205079e-01, -1.440245713136415195e-01, 4.118384666487673318e-01, -2.646951227645930049e-01, 4.318017057542226089e-01
3.128974028880130431e-01, 2.574140074219969376e-01, 3.102528400639642525e-01, 2.821584484411111537e-01, -5.990092705327414169e-02, 3.469969608873904598e-02, -4.879862764820099702e-02, -1.949093379885708244e-01, -2.066288872884401995e-01, 2.527942362388013176e-01, 2.857322820958905774e-01, -1.135118299559101790e-01, 3.932216634665895993e-01, -4.025192954340203189e-01, 8.473954011935351527e-02
-7.059395301845106108e-02, -5.441823307851536562e-01, -4.003982473597793579e-01, 1.151906677114751948e-01, -4.105319034875774542e-01, -4.086842731284711649e-01, 9.104122130057851203e-02, -8.048811887554467581e-02, 4.425356395465335768e-01, -2.890285039094593889e-01, 3.299900235709441465e-01, -1.613128194676481109e-01, 4.934518720625550303e-01, -1.162190979334188079e-01, 4.438201041910849187e-01
1.671815411265932805e-01, -6.332909337501587688e-01, -1.250936471195850108e-01, -1.559518256349531340e-01, -7.868825421739171488e-02, 4.495021233933261251e-01, 6.889009389494207825e-02, -3.055913552529158639e-01, 7.403730630083654729e-01, -3.433391319091297911e-01, 2.641963058854165936e-01, 1.559904894138904596e-01, 1.002201423819485369e-02, 2.347583218451020429e-02, -5.326354169109766279e-02
-9.684731377176572509e-02, -4.424993668549013354e-03, 3.751706186162285794e-01, -1.252858912854610818e-01, 2.027423862692772361e-01, 4.029103223603244799e-02, -5.651512503609215088e-01, 5.307528076138380568e-02, 3.491810066966639231e-02, -3.709798999004068620e-02, -4.420976939791615989e-01, -9.025830863207430499e-02, 1.828631600400963397e-01, -4.943689151694666828e-01, 1.142643852573058394e-01
-1.968220201930896696e-01, 6.695386505414344103e-02, 1.626936486618398292e-01, -2.431323447414392158e-01, 1.857233890906734991e-02, 3.690551013177660600e-02, 3.079762018887647335e-01, -2.783238031774141197e-01, -2.282048837721799839e-01, -1.301346385436171274e-02, -2.403094573604130646e-01, -8.526454096825641926e-02, 9.307690842818526489e-02, -3.607326237587348272e-01, -1.750536983002189129e-01
-2.522878322767792558e-01, -5.386189999357292590e-01, 1.334386010986376714e-01, -2.768835788269039533e-01, -4.268690570285813557e-01, 3.641810742335154782e-01, 6.858358753521581752e-01, -6.435530807386888319e-02, -1.227657358318778591e-01, 1.019058674920854946e-01, 3.306030938018648113e-01, 4.565724899811979265e-01, -9.185638758365434475e-02, 3.476161614061826222e-01, -2.461467839229384558e-01
-1.533097170961896134e-02, -8.437191377998573549e-03, -2.702540320364686388e-01, 3.689749781801573980e-01, -1.997003249851122819e-01, 2.845372508151920443e-01, -1.565329301429488687e-02, -1.295512755598773359e-02, 1.509826455353248109e-01, -8.343000070550521396e-02, 1.701953693403161771e-01, -5.968833908407636946e-01, 1.068041828415514649e-01, 5.933071657835483487e-02, 8.279887381030077986e-02
# Bias entrada
0.000000000000000000e+00 0.000000000000000000e+00 0.000000000000000000e+00 0.000000000000000000e+00 0.000000000000000000e+00 0.000000000000000000e+00 0.000000000000000000e+00 0.000000000000000000e+00 0.000000000000000000e+00 0.000000000000000000e+00 0.000000000000000000e+00 0.000000000000000000e+00 0.000000000000000000e+00 0.000000000000000000e+00 0.000000000000000000e+00
# Pesos capa oculta
-5.854552018212979547e-01 -2.936526457221818043e-01 1.685948002508165233e-01
-3.205379262696801956e-01 -4.942808103327831493e-01 5.339831990928152194e-01
-2.308910780882884178e-02 -3.631393672629403269e-01 -1.537228311823753690e-01
1.071985164507564814e-01 3.288412738249936185e-01 -7.487480743395789062e-01
-1.763513876902225441e-01 -4.057416596247418461e-01 7.825775880597509934e-03
-3.740717388363131723e-01 -6.565594725423249400e-01 4.796496430745541550e-01
-1.546230329538585690e-01 -2.891504159205581237e-01 2.347582730884326951e-01
1.082801337670304953e-01 3.865013220193331267e-01 -2.584821624699836229e-01
-7.896139707003809738e-01 -9.206251618349273191e-02 7.293129044645264569e-01
2.748674479920658609e-01 -4.766523451274620043e-02 -3.388985975725289368e-01
2.015632183566952451e-01 -4.878929639959516118e-01 -4.647587021843306299e-01
-2.655869214911544818e-01 -2.609389404709381854e-01 -2.483189829640090607e-01
3.391605196138217648e-01 -5.732703259848821453e-01 -2.332422219513292372e-01
-1.535989715148421419e-01 8.200474613056121242e-01 -2.258122322753877698e-01
-3.533372558319144985e-02 -4.489882507954775365e-02 2.669400211606086371e-02
# Bias capa oculta
0.000000000000000000e+00 0.000000000000000000e+00 0.000000000000000000e+00
