# Pesos entrada
5.185795639686062719e-01, -4.596983510908768111e-01, -1.784347347156260699e-01, 9.270299825264270710e-02, 5.607761186536572851e-01
-2.612961313748375924e-01, -1.480354373413231006e-01, -3.777936374221093491e-02, 1.133630103174977782e-01, 9.076409794118764363e-02
-5.179126186336547866e-01, -1.684265002037590164e-01, -2.867560049254695362e-02, 4.586777374833158616e-01, -1.571013760039959295e-01
1.152663845363733619e-01, 6.387394740144260175e-02, 2.070641503199027178e-01, 5.151230064423719668e-01, 4.790618814565322237e-01
-4.848242072323230567e-01, -1.557191211775440787e-01, -2.210212996773711913e-01, 6.452681740286608791e-02, -2.013726577252102912e-01
-2.238223414121146282e-01, -2.166688891001067596e-01, -1.905173875865060484e-01, 2.816630491887601728e-01, 3.086734158946459194e-01
2.007315756399459528e-01, 2.112964168289693245e-01, -6.670766793257032479e-01, 1.518514633289799187e-01, -1.292483442878554767e-01
-8.522338170302458382e-02, -2.444287641981635409e-02, 2.703072157226238947e-01, 2.883168868975509724e-01, 6.798779849762875971e-02
3.372399442895734900e-01, 4.235666517203285353e-01, -2.361785159166394088e-01, 1.290123793758380377e-01, -2.259981162964107282e-01
8.062747945482019729e-02, 5.862516104812119933e-01, -4.092904857585382694e-01, 3.316011589082460409e-01, 2.818389800958917557e-01
2.430813039162302569e-01, -4.984122290971734204e-01, -2.855153615899863051e-01, 7.653102125334154682e-02, -1.898928328977526198e-02
-2.718867321420710970e-01, 1.980582035815326158e-01, -1.420181046613304965e-01, 3.238030372975497784e-01, -1.445742900309286705e-01
2.467992245940188734e-01, -6.949593351748971359e-02, -4.052960981096275644e-02, -2.335533443464799519e-01, 1.856701077974964309e-01
-9.854402202495578245e-02, -2.550573249541207566e-01, -1.801329184287942531e-01, -6.604274643925307497e-01, 2.202594352768003361e-01
2.164709152306068529e-02, -1.988894968398331742e-01, -3.768727866320194519e-01, -1.340769979183105698e-01, 8.456188339916707042e-01
4.158665817624586092e-01, -2.845022416685726308e-01, 1.816662123290551378e-01, -4.536456604619764632e-01, 9.251872356079569870e-02
3.829958997118184660e-01, -1.219286539766558375e-01, -4.918543220566665153e-02, -8.694068227548555627e-02, 2.120413449916483950e-01
-2.273276978145234162e-01, 1.921627502089413575e-01, -1.940280519322663544e-01, -1.550466995978194429e-01, 4.574077573268523489e-01
-6.885492078779558156e-01, 4.487539050843578070e-01, -1.018297718828893167e-01, 2.233960140469140598e-02, 4.983119240421272078e-01
-2.445746314912848052e-01, 4.723957595123005615e-01, 3.028427408075107241e-01, -2.433177033361899333e-01, -2.825902792524083440e-02
# Bias entrada
0.000000000000000000e+00 0.000000000000000000e+00 0.000000000000000000e+00 0.000000000000000000e+00 0.000000000000000000e+00
# Pesos capa oculta
-3.493541936372536738e-01 3.128570727997555534e-01 -3.238082483962994584e-01
-3.343528187162136400e-01 9.721977091332981713e-01 4.885269281617120041e-01
-4.234776769254415263e-01 4.458599046510422492e-01 8.339319261940175698e-01
4.598503534461426678e-01 5.491191216107691453e-01 1.075488354648334033e-01
2.745865069016736881e-01 -7.640259857527051945e-01 -1.934244362234140424e-01
# Bias capa oculta
0.000000000000000000e+00 0.000000000000000000e+00 0.000000000000000000e+00
