# Pesos entrada
-1.291193856085705305e-01, -7.392840680751679161e-02, 3.123115263780924522e-01, -8.242775544931170428e-03, -1.012900189067729717e-01, 2.760429520147963250e-02, -4.519224608908195551e-01, 2.311538789917750095e-02, -9.584972582145785680e-02, -2.231961485387532196e-01, 2.244785597440807912e-01, -7.039071747582967276e-02, 1.212344207956008307e-01, 1.628560373804298356e-02, 1.369079646353921166e-03, -4.272731180421584507e-01, 4.555707316586109917e-02, -9.172751989100854861e-03
5.448156145791290816e-01, -6.223338832934289799e-01, 1.516051902621356751e-01, 3.347105182981429672e-01, 2.456379668997832333e-02, 1.325904275880418828e-02, 9.548908176230558320e-01, 3.087934981576255788e-01, 3.946417623836098731e-01, -4.577578194995158278e-01, 2.628418823652370340e-01, 2.907355659364337930e-01, 6.857907841558783524e-01, 6.134771173802888722e-01, -3.105274646385597012e-02, -2.746425200632697239e-01, 3.989468054022836108e-01, 1.010060580072193875e-02
5.798692840290421424e-01, -2.233048358191282723e-01, -3.714284456163635117e-01, -3.828213575037743843e-01, 4.056595860128204278e-01, -8.713423309787762250e-01, 1.974588804380941753e-01, -1.913078405439473939e-01, -4.590570066179506248e-01, 6.163491446614108651e-03, -3.300390820393342972e-01, -2.236302053367792211e-02, -1.480549596762281706e-01, -4.759512719168477318e-02, 3.797522320794950446e-01, 9.371426033037506820e-02, -3.521306889933943363e-01, 1.171688493231913819e-01
2.523834933706041173e-01, -3.653744643435781203e-01, 2.681068290676752452e-02, 3.526003690318481598e-01, -2.358793542239137064e-01, 4.835328960775066576e-01, -8.547253318385507337e-02, -1.297760759641728226e-03, 1.987708849880263362e-01, -4.580823358228192088e-01, 4.117039179306338781e-01, 4.346921403097869230e-01, 1.600562184289382531e-02, -2.948579893852483758e-01, 2.674214750016642994e-01, 2.829078984446459222e-01, 3.273565202814345682e-02, 3.361264309384091598e-01
3.580836682455599274e-01, -8.976293801535122074e-02, -4.337879249409151150e-01, 3.249827648254688395e-01, 4.845887793210389427e-01, 3.447369732081394522e-01, 1.977788585898731522e-01, -2.650521816058369340e-01, -3.379310459919320220e-01, 1.906485137694824139e-01, 4.780497680866720167e-02, 3.618491334553810557e-01, 5.987513641211542753e-02, -2.375332943737153979e-01, 2.538499739745451178e-01, -2.453326705450121770e-01, 2.196268495241628649e-01, -2.840772128970767141e-01
-4.704784097265293230e-01, -1.797870693192134550e-01, 4.415006894762454892e-01, -6.830918673434448196e-02, -9.478715327140535551e-02, -2.637491939194375190e-01, 3.141137225228216728e-02, -2.987174637094230922e-01, -7.835589722310683930e-03, -4.855168154095321209e-01, 1.478573114886840012e-01, -7.553177748449737550e-01, -2.932249794745930838e-01, 1.632792561701913170e-01, -1.502020804431765111e-01, -3.573241238996863189e-01, 1.052263773851829474e-02, 2.862957488911787030e-01
7.924686942951810753e-01, -1.597512987287460218e-01, 2.286191143672275383e-01, -5.601898096280273354e-01, -1.039683001950225255e-01, 2.645162290585927889e-01, 6.409634567702110486e-02, -2.585837338978713151e-01, -2.117519031887324654e-01, -1.391411973171897271e-02, -1.191614311255653341e-01, -1.211178768880500911e-01, -5.472483961127384555e-01, -3.375178765457836905e-01, -3.835909539711295224e-01, 5.162790809172491252e-02, 6.115144805012020374e-02, 6.742372227164284970e-01
2.735919199225727572e-01, 4.536257757627217280e-01, 8.706672633020577645e-02, 3.319041001434560045e-01, 6.042595078049667334e-01, 3.562534979926452738e-01, 5.886890679965263162e-01, 2.314261841957927224e-01, 6.987532914901327386e-02, -1.125554010275163913e-01, 2.448760062138162774e-01, -2.069360880410613668e-01, 1.847031583100531005e-01, -3.643903232265613412e-01, 2.510514003109504677e-01, 2.914532017082268611e-01, 2.455314443614763781e-02, 5.792535801818128327e-01
-2.373880661480922555e-02, 2.759367126988201413e-01, 3.072317055154069609e-01, -1.127055919455926952e-01, 2.033502702129876272e-01, -2.831618870106701324e-01, -2.687054484248056485e-01, 1.721853563805328738e-02, 7.111022221811530430e-02, 6.400192897197940489e-01, 3.955045279030367511e-01, -1.389133837190624221e-01, -2.692647243628073506e-01, 7.639255828612522281e-01, 6.022731628823320416e-02, -1.988207491723041065e-01, -3.484481390510150295e-02, 1.361337167219386357e-01
-8.303246883501798001e-03, -5.059947598103455846e-01, -3.075550842673112351e-02, 2.026163640444518799e-01, 3.537736885793368313e-01, 3.694496941776418408e-01, -4.102318885318884667e-01, 2.967053520443747039e-01, 1.191741731318810421e-01, 6.985997877291578728e-01, -3.560301386881357111e-01, -3.554514409441753564e-01, -5.679461288404547697e-02, -3.221317521515155713e-01, -4.154985807890338445e-01, 2.660015594835478114e-01, 3.207083407991424551e-01, 5.854463019294256498e-02
-4.649959367719623815e-01, 1.543619697106505401e-02, 1.002271448426563516e-01, 1.751403605382970130e-01, 6.742887468574128018e-01, 1.476371632173884285e-01, -4.342836590165669725e-02, -1.308927064762240577e-01, 1.065927940411303121e-01, 2.470115495427735453e-01, 7.303674166961915404e-01, -2.277255222840159632e-01, -2.147873961576663993e-01, 3.464486338256887732e-02, -2.734765758927034662e-01, -2.067420944590364074e-01, -7.878388287878954066e-02, 1.641077940161883852e-01
3.467395434632494222e-01, -1.148521843289506822e-01, -6.827870564165707812e-01, -2.167352637570162388e-01, 3.006545912790075104e-01, 2.215255096736717388e-01, -1.208867250175987007e-01, 6.975570442942464755e-01, 4.867585270489838134e-01, -7.688785423535546282e-02, -1.610350611152371603e-01, -3.967430886651492905e-01, -3.710655826227984844e-01, 1.201764972516147917e-01, 4.557847326547939115e-01, -1.643114018648453023e-01, 4.172393180824501835e-01, 7.490498007175936390e-01
2.971024322273667639e-01, 1.626376305957725199e-01, 3.820865978807935423e-03, 6.038440937877964654e-01, -5.056830984617147751e-01, -2.238123724343790144e-01, -6.381447680126183242e-01, 8.084423966703893627e-02, -3.131573001593532246e-01, 1.426621133940980668e-01, 1.884970661709075568e-01, 4.785616276599646834e-01, 6.050236676294582644e-02, 5.422934287863814262e-01, 1.712495380724244828e-02, -1.093413374688371326e-01, -1.629811653466635424e-01, -2.662269680540600980e-01
-2.866061064494655475e-01, -1.886576587676728513e-03, 2.475400706044609822e-01, 6.122086596527098745e-02, -5.165586861377370331e-01, -2.275411618444124484e-01, 1.293244558161643631e-01, 1.816498556582200608e-01, -1.037983091626234478e-01, -2.906020579965397088e-01, -1.661152783820055989e-01, -2.983850847836306830e-01, 8.604984158539692729e-02, -9.520174181248931833e-02, 1.667497064932677298e-01, 3.918801555006192205e-01, -2.639577829178319651e-02, 1.895113084937347370e-01
1.980306490738086567e-01, -3.671177112474238724e-01, 1.287672383806383047e-01, -3.486284124454536171e-02, 3.121688887452349070e-01, 4.162006546108987792e-01, 1.821748351928104692e-01, -1.507430204829848797e-01, 1.547960769154441696e-01, 4.269799829833390015e-01, -9.014666478539864469e-01, -9.695281614392263492e-02, -4.467549786504842468e-01, -1.003829948209827017e-01, -3.359119279726316964e-01, -5.927451339163310531e-03, 2.028332425054552857e-01, 1.806411049052306650e-01
3.394667156240655514e-01, -7.787832076962561412e-02, 1.770122799401108726e-01, -5.894013048528150556e-01, -1.486715728066836106e-01, -7.301518028245648773e-02, -4.194265026007083508e-01, -4.310933066833151639e-02, 2.918531930653544548e-01, -6.206899243848197634e-02, -1.117958049017702959e-01, 7.003367453582590718e-01, -2.600001106897806280e-01, 5.298374956117383183e-01, -1.233384202850324601e-01, -1.360300929440537154e-01, 6.716909814382079208e-03, 3.401033840290936666e-02
2.892402873812463526e-01, 5.723535303407985969e-02, -2.447484152468297480e-01, 1.910664454873529372e-01, -3.544711224342680378e-01, -1.729198472131691089e-01, 7.943484037421205679e-01, 8.735759068391231105e-03, 3.106071921995514629e-01, 2.365518761110866619e-01, 5.420117882855738367e-01, 5.464852268121292989e-01, 4.433259293064807649e-02, -1.089697040628780922e-01, -4.485380739749073586e-01, 2.522921076366759219e-01, -1.835673434020294315e-01, -2.490820198698698862e-01
5.440741131298977296e-01, 6.960487712152459150e-02, -1.977583212259138579e-01, 4.260580060234531175e-01, -2.739929748286649147e-01, 5.885562702193185558e-01, -3.133577394626938656e-02, 1.622871240605021081e-01, 1.984901684596236671e-01, -2.725354753151017495e-01, 1.644730132278555412e-01, 1.528411297863065399e-01, -2.831835431781780099e-01, -8.538741182673780239e-01, 2.441748677407827028e-01, 4.224625948807593789e-01, 6.616759795301694336e-01, -2.719685956213406808e-01
-1.261178546421056756e-01, -5.944895435003745288e-01, -3.126029433700908133e-01, -1.380278359380034126e-01, 2.880220388932627773e-01, 1.636702522850999042e-01, 1.802349521451938885e-01, -1.718661701145961576e-02, 2.556229408708861062e-01, 4.105573120622608152e-01, 1.560474077237390123e-01, -2.059221564787617476e-01, 3.849986942550063795e-01, -6.327180002583991658e-02, -1.981934247994379672e-01, 2.227388328094342673e-01, 5.549149688396532581e-02, -2.383161883508891354e-01
2.063387836036897072e-01, -2.201583471412124349e-01, 3.250695240428703309e-02, -3.341209445344138773e-01, -1.703056373737840967e-01, 1.637959094160087309e-02, -7.250355801858276994e-02, -1.937829979119947976e-01, 4.427877159998927503e-01, -2.232807705451695102e-01, 5.558017047792233045e-01, 5.358476235209658212e-01, -1.123136162123643950e-01, -3.558078873057950453e-01, -4.280367195563710148e-01, 4.343836865893983545e-01, 3.893515773758620124e-01, -1.969373481420936545e-01
# Bias entrada
0.000000000000000000e+00 0.000000000000000000e+00 0.000000000000000000e+00 0.000000000000000000e+00 0.000000000000000000e+00 0.000000000000000000e+00 0.000000000000000000e+00 0.000000000000000000e+00 0.000000000000000000e+00 0.000000000000000000e+00 0.000000000000000000e+00 0.000000000000000000e+00 0.000000000000000000e+00 0.000000000000000000e+00 0.000000000000000000e+00 0.000000000000000000e+00 0.000000000000000000e+00 0.000000000000000000e+00
# Pesos capa oculta
-2.565695863076465355e-01 5.289652037055371236e-01 4.493710148343090793e-01
1.197581997275182220e-01 -4.684346281472996365e-01 2.529003269398117162e-02
-5.085338295109438356e-01 -1.567427879615055086e-01 -3.495710773353611911e-01
-9.960370163946705158e-02 -3.600767336838915922e-01 -1.855388453484166922e-01
1.457172728275684948e-01 -1.482590552122332594e-01 -2.928934463457364412e-01
5.689638266178745907e-01 -6.408523956595890692e-02 1.808173948466086645e-01
-1.395771124878404934e-01 1.303556319643955352e-01 -3.501570149626618833e-01
8.242238494010117877e-02 3.107463853732394532e-01 -1.904362636287308119e-01
4.239638857688420026e-02 -3.079185435977854768e-01 4.775914339020235350e-02
1.563301845804710988e-01 -1.477976719614031431e-01 3.344989046905951224e-01
6.600244329913565466e-02 -2.769571815589314534e-01 -3.771526294556849512e-01
5.071476141247357461e-01 -1.647810929428158433e-01 1.411585687646934040e-01
-4.278471437063458560e-01 6.213731251639023068e-01 3.653863580922929177e-01
5.106406478455933762e-01 -9.245889860292935691e-02 -5.934653529541772388e-02
-4.092886756193897524e-01 -2.397122858017333435e-01 -7.534895028306848319e-01
-2.287898085426850331e-02 3.702049970120481481e-02 6.481931820444224446e-01
-2.606071780000115967e-01 -4.183292202299938589e-01 4.632677676454416416e-02
2.914101889604814866e-01 -4.943957745592684333e-02 -3.651665654395772620e-01
# Bias capa oculta
0.000000000000000000e+00 0.000000000000000000e+00 0.000000000000000000e+00
